2386
1 4 6
1 5 4
1 6 4
1 7 1
1 8 6
1 9 5
1 14 6
1 16 1
1 17 7
1 18 3
1 21 3
1 24 10
1 25 8
1 29 10
1 31 6
1 33 10
1 36 5
1 43 5
1 47 2
1 48 9
1 53 8
1 56 6
1 57 2
1 59 4
1 60 6
1 61 4
1 63 3
1 64 10
1 67 8
1 69 3
1 71 10
1 73 10
1 74 6
1 82 6
1 88 5
1 89 4
1 91 2
1 94 5
1 95 5
1 99 8
1 100 9
1 110 7
2 4 10
2 9 6
2 11 1
2 13 8
2 21 8
2 22 3
2 23 2
2 25 10
2 28 9
2 30 2
2 31 3
2 33 4
2 36 10
2 38 10
2 40 4
2 42 1
2 44 7
2 48 4
2 49 7
2 52 10
2 55 3
2 59 5
2 61 4
2 65 7
2 66 9
2 67 4
2 71 10
2 72 8
2 74 7
2 77 10
2 79 2
2 81 1
2 82 8
2 85 4
2 86 3
2 88 1
2 91 2
2 94 1
2 95 8
2 98 10
2 102 6
2 104 4
2 105 8
2 107 2
2 108 4
2 109 6
3 4 10
3 6 1
3 7 2
3 8 6
3 11 5
3 13 6
3 17 4
3 23 10
3 24 7
3 25 5
3 30 5
3 36 2
3 38 5
3 41 6
3 50 9
3 51 6
3 52 8
3 54 6
3 55 8
3 56 8
3 58 4
3 59 3
3 60 4
3 61 3
3 62 7
3 65 8
3 66 5
3 67 7
3 69 8
3 70 4
3 71 6
3 74 3
3 79 8
3 82 5
3 83 4
3 84 6
3 85 10
3 88 5
3 90 5
3 94 1
3 95 2
3 96 3
3 98 2
3 105 10
4 5 9
4 7 3
4 8 4
4 20 2
4 21 7
4 23 1
4 24 5
4 25 9
4 27 5
4 28 5
4 29 2
4 30 1
4 31 10
4 41 8
4 44 9
4 56 1
4 59 9
4 60 5
4 61 4
4 62 3
4 67 6
4 68 10
4 69 9
4 70 8
4 78 4
4 80 9
4 82 7
4 84 5
4 85 4
4 87 6
4 89 7
4 90 8
4 93 4
4 101 6
4 104 5
4 107 10
4 109 10
5 8 3
5 10 3
5 11 9
5 12 3
5 13 4
5 14 4
5 15 8
5 16 8
5 18 1
5 22 10
5 23 8
5 24 9
5 25 3
5 27 4
5 28 6
5 32 7
5 35 1
5 36 7
5 48 6
5 50 6
5 51 5
5 53 2
5 55 1
5 56 8
5 58 3
5 59 4
5 60 8
5 61 10
5 62 9
5 66 3
5 67 8
5 68 4
5 71 8
5 79 4
5 81 4
5 85 3
5 86 1
5 87 5
5 88 2
5 96 3
5 98 9
5 99 7
5 100 1
5 105 2
5 106 1
5 107 8
5 108 1
5 109 8
5 110 6
6 8 7
6 9 9
6 10 2
6 12 8
6 13 1
6 14 4
6 18 4
6 23 5
6 26 6
6 30 2
6 36 3
6 39 8
6 42 3
6 44 5
6 45 9
6 48 2
6 51 7
6 52 5
6 53 6
6 54 7
6 58 1
6 59 9
6 60 5
6 63 6
6 65 2
6 67 10
6 68 5
6 74 1
6 75 9
6 76 10
6 78 1
6 79 10
6 80 7
6 89 5
6 90 10
6 93 2
6 94 4
6 95 4
6 96 5
6 109 9
7 10 8
7 12 1
7 14 4
7 18 7
7 21 5
7 24 2
7 31 8
7 34 3
7 42 9
7 45 3
7 47 9
7 49 1
7 50 9
7 56 4
7 57 6
7 60 4
7 61 1
7 62 10
7 69 1
7 70 3
7 74 3
7 75 1
7 77 6
7 81 1
7 82 9
7 84 6
7 86 2
7 87 2
7 95 9
7 101 1
7 107 6
7 108 2
8 9 5
8 10 8
8 11 4
8 14 4
8 15 7
8 19 8
8 20 10
8 24 10
8 26 10
8 27 10
8 28 3
8 30 10
8 33 8
8 36 5
8 38 6
8 40 2
8 41 5
8 44 10
8 47 10
8 52 9
8 54 1
8 55 1
8 57 6
8 63 1
8 66 4
8 73 9
8 75 3
8 79 3
8 81 1
8 84 10
8 85 9
8 88 10
8 91 3
8 97 1
8 100 9
8 102 8
8 105 7
8 106 1
8 109 9
9 10 3
9 15 2
9 17 1
9 21 2
9 26 5
9 27 5
9 31 7
9 32 5
9 37 9
9 43 9
9 44 3
9 47 2
9 49 10
9 57 10
9 58 4
9 63 3
9 64 2
9 66 1
9 67 7
9 72 4
9 80 10
9 81 7
9 82 10
9 86 8
9 87 1
9 88 2
9 93 9
9 94 9
9 99 2
9 102 3
9 104 3
9 105 6
9 108 9
9 109 5
10 11 4
10 14 1
10 16 3
10 17 4
10 18 3
10 19 1
10 23 9
10 24 5
10 26 5
10 28 10
10 30 3
10 31 9
10 37 4
10 39 3
10 44 9
10 45 3
10 48 5
10 49 8
10 50 3
10 51 4
10 53 9
10 56 7
10 57 2
10 58 7
10 60 8
10 61 3
10 65 8
10 67 8
10 77 10
10 78 5
10 80 6
10 82 3
10 87 6
10 91 7
10 97 2
10 99 1
10 100 7
10 103 4
10 105 4
10 106 1
10 110 3
11 12 5
11 15 8
11 16 4
11 18 7
11 19 10
11 20 2
11 23 4
11 25 9
11 30 8
11 32 1
11 35 4
11 37 4
11 39 10
11 40 5
11 42 1
11 47 1
11 48 9
11 49 3
11 54 9
11 57 10
11 58 5
11 59 8
11 60 6
11 63 4
11 64 7
11 66 7
11 67 7
11 69 6
11 72 3
11 76 6
11 78 1
11 79 2
11 81 9
11 85 3
11 86 9
11 87 3
11 89 1
11 90 5
11 91 10
11 92 3
11 97 10
11 100 8
11 102 6
11 103 7
11 105 10
11 109 6
11 110 10
12 13 7
12 15 4
12 16 2
12 18 10
12 19 4
12 24 9
12 25 1
12 28 6
12 30 1
12 34 10
12 37 9
12 38 3
12 51 4
12 55 2
12 57 7
12 61 3
12 63 2
12 66 8
12 67 3
12 68 9
12 69 2
12 70 5
12 76 8
12 78 5
12 81 3
12 83 2
12 84 3
12 86 4
12 90 7
12 92 9
12 95 2
12 97 6
12 98 3
12 101 10
12 104 3
12 105 6
12 106 5
13 15 7
13 17 3
13 18 2
13 23 1
13 26 7
13 27 1
13 28 4
13 30 7
13 32 10
13 36 10
13 37 5
13 38 7
13 39 6
13 40 2
13 41 4
13 42 10
13 44 10
13 45 7
13 46 2
13 47 10
13 51 8
13 53 4
13 55 5
13 56 1
13 57 8
13 60 3
13 62 3
13 64 3
13 69 5
13 72 9
13 75 6
13 77 4
13 78 3
13 80 6
13 81 7
13 83 9
13 84 2
13 86 8
13 95 2
13 99 5
13 101 6
13 103 5
14 15 9
14 16 7
14 17 4
14 18 1
14 20 10
14 21 10
14 23 1
14 25 1
14 26 2
14 28 7
14 29 8
14 30 1
14 32 7
14 35 7
14 38 10
14 40 2
14 42 6
14 43 3
14 45 4
14 54 7
14 58 4
14 60 3
14 63 9
14 64 6
14 65 8
14 67 4
14 69 1
14 70 4
14 71 10
14 75 1
14 79 4
14 81 4
14 83 3
14 84 2
14 90 6
14 93 10
14 94 7
14 96 5
14 99 4
14 101 2
14 102 8
14 105 3
14 109 5
14 110 4
15 18 8
15 21 10
15 22 10
15 24 10
15 30 4
15 35 4
15 36 4
15 37 5
15 38 10
15 39 9
15 41 1
15 42 10
15 43 10
15 45 3
15 48 8
15 49 2
15 51 7
15 53 5
15 57 7
15 58 9
15 60 5
15 61 2
15 62 8
15 66 7
15 68 2
15 69 6
15 70 6
15 72 9
15 77 2
15 79 1
15 90 7
15 92 5
15 94 9
15 96 7
15 97 2
15 101 1
15 102 7
15 103 9
15 105 2
15 107 10
16 17 5
16 19 7
16 20 6
16 21 7
16 22 3
16 26 10
16 27 4
16 33 8
16 42 7
16 45 7
16 46 7
16 50 7
16 53 2
16 54 6
16 56 9
16 58 3
16 59 9
16 60 8
16 61 8
16 62 10
16 64 2
16 65 7
16 71 8
16 72 7
16 74 8
16 75 1
16 77 3
16 80 6
16 86 1
16 87 9
16 101 6
16 103 8
16 106 8
16 109 7
16 110 4
17 18 3
17 20 1
17 21 5
17 28 7
17 29 8
17 38 3
17 40 10
17 42 9
17 43 5
17 44 3
17 47 4
17 52 9
17 53 10
17 60 4
17 67 3
17 68 10
17 70 9
17 72 5
17 73 2
17 76 2
17 77 2
17 81 10
17 84 10
17 85 8
17 90 6
17 93 2
17 95 1
17 97 5
17 99 2
18 19 2
18 22 2
18 23 3
18 25 8
18 27 4
18 30 4
18 31 9
18 32 2
18 33 7
18 40 3
18 44 1
18 45 7
18 53 9
18 54 4
18 55 4
18 57 10
18 58 8
18 59 9
18 65 10
18 67 10
18 69 9
18 70 8
18 71 8
18 72 5
18 73 1
18 74 2
18 81 3
18 91 6
18 92 3
18 93 9
18 94 8
18 96 3
18 98 10
18 100 10
18 101 2
18 106 10
18 107 5
18 109 5
19 20 7
19 21 10
19 23 1
19 24 4
19 26 1
19 27 4
19 33 2
19 34 6
19 35 7
19 37 5
19 38 5
19 40 7
19 47 4
19 50 5
19 51 8
19 54 9
19 55 4
19 56 2
19 58 1
19 63 8
19 64 3
19 67 1
19 68 2
19 69 9
19 71 6
19 73 1
19 74 10
19 75 7
19 76 5
19 78 1
19 80 7
19 81 4
19 82 2
19 83 6
19 86 9
19 90 8
19 93 9
19 94 9
19 96 7
19 100 1
19 104 8
19 105 9
20 22 6
20 27 8
20 32 1
20 33 10
20 37 10
20 40 4
20 48 2
20 49 8
20 51 2
20 61 8
20 62 2
20 65 7
20 70 1
20 71 2
20 76 10
20 78 6
20 82 7
20 84 7
20 87 4
20 88 9
20 89 5
20 90 4
20 92 7
20 93 1
20 94 3
20 96 8
20 97 10
20 98 8
20 99 9
20 104 5
20 108 3
21 25 7
21 27 8
21 29 5
21 32 7
21 33 3
21 35 10
21 36 10
21 37 9
21 41 3
21 42 5
21 45 5
21 47 2
21 50 4
21 52 3
21 55 3
21 59 6
21 62 9
21 64 10
21 65 4
21 66 10
21 67 9
21 68 1
21 69 5
21 71 6
21 73 4
21 74 8
21 79 5
21 83 4
21 84 7
21 94 10
21 98 4
21 99 6
21 100 10
21 101 3
21 103 5
21 106 7
21 110 10
22 23 1
22 24 8
22 27 8
22 29 9
22 30 2
22 36 5
22 39 4
22 45 3
22 46 10
22 48 8
22 50 2
22 54 5
22 55 1
22 56 4
22 57 4
22 58 2
22 60 10
22 64 9
22 69 3
22 72 4
22 75 10
22 78 6
22 80 6
22 82 4
22 90 3
22 92 10
22 93 9
22 94 5
22 95 4
22 96 1
22 101 10
22 102 9
22 107 3
23 25 9
23 29 5
23 31 1
23 36 7
23 37 9
23 42 3
23 43 8
23 44 1
23 46 7
23 48 3
23 51 4
23 55 7
23 59 3
23 60 5
23 61 9
23 65 6
23 67 6
23 69 6
23 70 4
23 71 6
23 73 8
23 76 5
23 79 5
23 82 3
23 92 5
23 94 8
23 96 4
23 99 10
23 105 7
23 106 7
23 109 9
24 25 5
24 29 7
24 36 6
24 38 3
24 39 3
24 40 6
24 44 8
24 45 10
24 47 9
24 49 1
24 54 6
24 55 1
24 59 1
24 62 2
24 67 6
24 73 8
24 75 2
24 77 7
24 81 6
24 82 8
24 85 7
24 86 6
24 87 4
24 91 6
24 92 7
24 93 2
24 95 1
24 97 8
24 98 9
24 99 3
24 102 10
24 103 7
24 104 9
24 105 5
24 106 10
24 110 2
25 27 5
25 30 6
25 31 2
25 32 8
25 33 10
25 34 8
25 36 8
25 37 5
25 38 4
25 39 9
25 42 10
25 43 1
25 49 8
25 59 3
25 61 1
25 64 2
25 65 10
25 70 4
25 72 8
25 73 4
25 76 2
25 77 7
25 78 7
25 82 8
25 83 4
25 84 5
25 85 1
25 89 5
25 90 1
25 94 3
25 95 6
25 97 7
25 99 1
25 101 10
25 102 8
25 103 5
25 104 1
25 109 7
25 110 9
26 29 10
26 31 4
26 36 6
26 40 4
26 42 8
26 44 10
26 52 5
26 55 5
26 58 7
26 60 1
26 63 8
26 64 1
26 66 2
26 67 9
26 72 7
26 75 1
26 77 10
26 78 3
26 81 1
26 82 10
26 84 2
26 85 10
26 86 7
26 89 2
26 90 6
26 96 6
26 97 7
26 106 10
26 109 4
26 110 7
27 31 6
27 34 7
27 37 1
27 43 1
27 44 10
27 45 3
27 46 3
27 48 7
27 52 9
27 53 10
27 54 8
27 56 5
27 57 6
27 60 4
27 63 8
27 64 8
27 66 2
27 68 8
27 72 4
27 77 8
27 81 3
27 83 7
27 87 5
27 97 8
27 98 6
27 102 8
27 103 1
27 104 3
27 105 2
28 30 8
28 34 4
28 40 10
28 41 6
28 42 5
28 45 10
28 47 2
28 52 3
28 53 9
28 55 10
28 61 8
28 64 10
28 65 7
28 66 6
28 68 10
28 69 9
28 70 1
28 74 9
28 75 5
28 76 9
28 78 7
28 79 10
28 81 4
28 82 2
28 83 10
28 84 8
28 88 5
28 89 2
28 90 10
28 91 1
28 93 5
28 94 5
28 99 6
28 103 5
28 104 1
28 105 6
28 107 2
28 109 2
28 110 2
29 33 2
29 36 7
29 37 2
29 39 5
29 41 6
29 47 1
29 58 6
29 61 10
29 62 4
29 64 6
29 66 6
29 71 3
29 73 8
29 74 9
29 75 3
29 80 3
29 82 3
29 84 7
29 85 6
29 86 10
29 88 3
29 96 1
29 97 6
29 104 4
30 32 1
30 34 8
30 42 3
30 44 8
30 45 9
30 46 9
30 47 8
30 48 8
30 49 6
30 50 5
30 53 7
30 56 7
30 57 3
30 58 5
30 60 8
30 61 1
30 62 2
30 65 8
30 66 8
30 69 4
30 71 8
30 76 9
30 78 7
30 82 4
30 85 8
30 86 2
30 88 4
30 89 4
30 93 8
30 96 7
30 98 8
30 100 7
30 103 1
30 104 9
30 106 5
30 110 10
31 33 8
31 35 2
31 36 4
31 42 9
31 43 9
31 46 1
31 48 3
31 49 5
31 50 8
31 59 1
31 60 1
31 63 7
31 67 9
31 71 7
31 74 9
31 75 5
31 79 10
31 80 4
31 85 3
31 86 8
31 88 6
31 91 1
31 93 10
31 94 9
31 95 3
31 98 4
31 100 1
31 102 1
31 104 10
31 105 5
32 34 10
32 39 7
32 41 7
32 43 2
32 46 1
32 49 1
32 51 9
32 54 8
32 55 7
32 56 4
32 57 3
32 60 9
32 63 5
32 64 3
32 65 3
32 67 9
32 69 2
32 77 7
32 78 7
32 79 8
32 80 8
32 81 7
32 84 8
32 86 8
32 87 2
32 89 4
32 92 8
32 93 7
32 94 3
32 98 2
32 104 4
32 106 5
32 108 3
32 110 6
33 35 1
33 36 10
33 40 10
33 42 4
33 46 9
33 50 6
33 52 7
33 54 9
33 56 8
33 58 4
33 59 3
33 65 5
33 66 7
33 67 6
33 71 10
33 77 2
33 78 6
33 79 9
33 81 4
33 84 7
33 89 8
33 90 1
33 92 9
33 96 6
33 98 1
33 99 6
33 100 6
33 102 9
33 105 2
33 110 5
34 37 6
34 39 1
34 40 2
34 42 1
34 43 7
34 44 6
34 49 5
34 50 10
34 52 7
34 56 10
34 57 4
34 59 6
34 60 4
34 64 8
34 69 3
34 73 3
34 76 9
34 80 7
34 81 6
34 83 1
34 86 7
34 102 8
34 107 1
34 108 9
35 38 2
35 40 6
35 41 3
35 44 10
35 46 5
35 47 2
35 50 9
35 52 8
35 54 8
35 57 6
35 59 6
35 60 2
35 62 4
35 66 7
35 70 10
35 71 7
35 73 10
35 74 4
35 79 8
35 82 4
35 84 10
35 85 1
35 86 6
35 87 1
35 89 5
35 91 10
35 92 2
35 94 2
35 100 8
35 102 4
35 106 2
35 107 3
35 108 5
35 109 5
36 38 10
36 40 4
36 42 5
36 45 6
36 47 10
36 48 2
36 51 7
36 56 5
36 63 1
36 68 7
36 69 9
36 70 6
36 73 1
36 74 4
36 79 2
36 80 3
36 83 5
36 85 3
36 87 7
36 88 9
36 89 7
36 94 9
36 95 3
36 96 2
36 97 7
36 100 8
36 101 2
36 102 5
36 104 6
36 105 7
36 107 8
36 109 10
37 39 5
37 44 8
37 46 6
37 50 3
37 58 4
37 62 5
37 64 8
37 67 10
37 68 4
37 69 8
37 74 7
37 76 8
37 77 10
37 78 5
37 80 6
37 81 7
37 82 10
37 84 3
37 85 4
37 87 7
37 90 3
37 91 9
37 92 9
37 93 7
37 95 2
37 97 7
37 99 6
37 100 9
37 101 10
37 102 7
37 103 8
37 105 8
38 39 6
38 42 3
38 43 3
38 44 1
38 49 5
38 50 6
38 52 1
38 59 1
38 61 7
38 64 2
38 65 4
38 66 1
38 68 9
38 73 1
38 75 5
38 76 4
38 79 10
38 80 1
38 81 3
38 85 2
38 87 6
38 88 10
38 91 9
38 92 10
38 93 8
38 97 4
38 98 2
38 102 8
38 107 9
39 40 1
39 42 9
39 43 9
39 51 10
39 52 7
39 53 5
39 54 6
39 55 1
39 57 1
39 60 3
39 61 10
39 63 6
39 68 10
39 69 10
39 74 4
39 75 10
39 81 4
39 85 6
39 89 5
39 90 10
39 93 1
39 94 3
39 99 2
39 101 3
39 102 7
39 108 4
39 110 1
40 42 7
40 44 4
40 46 9
40 50 5
40 51 3
40 52 7
40 55 8
40 56 9
40 58 8
40 61 7
40 63 4
40 68 3
40 69 3
40 71 8
40 72 1
40 73 5
40 74 7
40 75 6
40 77 5
40 80 2
40 81 9
40 83 8
40 84 5
40 85 7
40 88 10
40 90 6
40 93 8
40 94 8
40 97 2
40 104 5
40 107 10
41 45 9
41 47 8
41 50 2
41 51 3
41 58 9
41 59 2
41 60 2
41 61 3
41 63 9
41 68 4
41 78 1
41 81 10
41 83 10
41 84 8
41 85 2
41 86 7
41 87 8
41 88 4
41 91 4
41 96 3
41 97 4
41 102 8
41 103 10
41 104 4
41 105 3
41 106 9
42 44 1
42 47 5
42 49 3
42 54 7
42 55 9
42 61 7
42 62 10
42 63 9
42 66 7
42 67 3
42 70 8
42 72 3
42 74 8
42 78 8
42 80 8
42 89 3
42 90 7
42 92 5
42 93 4
42 97 6
42 102 9
42 105 3
42 107 6
42 110 10
43 49 9
43 53 2
43 54 4
43 60 7
43 62 2
43 64 3
43 65 1
43 69 6
43 72 7
43 73 3
43 74 2
43 76 2
43 79 6
43 81 5
43 87 10
43 91 3
43 97 1
43 100 2
43 104 10
43 106 3
43 108 2
43 110 5
44 45 3
44 46 5
44 47 8
44 50 10
44 55 8
44 60 7
44 62 3
44 63 5
44 64 3
44 66 6
44 69 9
44 75 9
44 81 2
44 85 6
44 87 6
44 90 5
44 92 2
44 95 5
44 97 10
44 98 9
44 100 7
44 105 10
44 109 1
44 110 1
45 46 10
45 47 7
45 49 4
45 51 4
45 53 2
45 54 8
45 56 2
45 60 9
45 61 4
45 65 2
45 66 3
45 67 4
45 68 5
45 70 5
45 73 1
45 76 8
45 82 2
45 90 5
45 93 8
45 94 4
45 97 10
45 104 7
45 106 7
45 108 7
45 109 9
46 48 5
46 49 3
46 53 5
46 54 1
46 58 10
46 60 5
46 61 2
46 63 2
46 64 10
46 69 9
46 70 3
46 79 8
46 80 9
46 81 2
46 82 7
46 83 3
46 86 2
46 89 4
46 93 10
46 96 6
46 97 6
46 98 2
46 99 5
46 101 10
46 105 1
46 106 7
46 108 4
46 109 4
46 110 3
47 48 2
47 49 1
47 58 7
47 59 10
47 60 2
47 64 4
47 66 2
47 71 8
47 72 2
47 75 4
47 77 10
47 79 10
47 80 8
47 81 7
47 83 3
47 84 8
47 86 10
47 88 1
47 92 5
47 94 2
47 96 1
47 98 8
47 100 3
47 104 10
47 108 6
48 50 8
48 51 10
48 52 3
48 53 6
48 55 6
48 56 6
48 62 7
48 63 10
48 67 7
48 71 6
48 73 8
48 76 7
48 77 9
48 79 6
48 86 4
48 89 4
48 92 9
48 93 10
48 94 4
48 104 3
48 106 9
48 110 1
49 52 9
49 54 10
49 59 9
49 61 9
49 63 9
49 70 6
49 73 9
49 82 5
49 83 2
49 86 6
49 87 5
49 91 1
49 94 9
49 97 8
49 102 7
49 104 2
49 106 10
49 107 9
49 109 8
50 53 2
50 55 2
50 56 10
50 57 3
50 59 1
50 61 5
50 62 9
50 63 9
50 64 6
50 65 6
50 74 8
50 75 1
50 77 5
50 78 2
50 82 1
50 84 1
50 85 8
50 87 1
50 88 7
50 89 10
50 92 5
50 99 7
50 103 4
50 104 8
50 105 4
50 108 10
50 110 3
51 54 5
51 56 5
51 57 4
51 60 4
51 61 4
51 62 4
51 65 1
51 69 2
51 70 5
51 74 3
51 76 10
51 78 5
51 81 10
51 86 5
51 87 9
51 89 8
51 91 4
51 93 9
51 94 10
51 96 4
51 97 10
51 98 3
51 102 10
51 104 5
51 106 8
51 108 7
51 109 3
51 110 9
52 56 9
52 57 10
52 59 6
52 60 1
52 70 8
52 75 4
52 77 4
52 80 7
52 84 6
52 85 4
52 88 3
52 91 3
52 94 6
52 96 5
52 99 10
52 102 2
52 103 2
52 109 2
52 110 6
53 55 5
53 58 3
53 61 9
53 64 6
53 69 6
53 70 9
53 74 7
53 75 1
53 76 2
53 78 9
53 80 8
53 84 5
53 87 10
53 92 7
53 94 9
53 96 3
53 100 2
53 103 2
53 107 1
53 108 10
53 109 1
53 110 4
54 56 6
54 59 10
54 60 6
54 63 6
54 64 10
54 66 3
54 68 6
54 70 1
54 71 9
54 74 4
54 75 3
54 77 3
54 79 4
54 81 1
54 84 6
54 88 4
54 89 3
54 91 9
54 95 4
54 96 7
54 98 1
54 105 2
54 107 4
54 110 8
55 56 9
55 59 4
55 60 8
55 65 3
55 66 4
55 69 1
55 71 5
55 73 9
55 74 4
55 76 3
55 77 6
55 83 8
55 87 5
55 88 8
55 89 6
55 96 7
55 101 4
55 102 1
55 103 2
55 109 8
55 110 9
56 57 8
56 59 7
56 60 8
56 64 6
56 65 10
56 67 6
56 69 1
56 70 5
56 73 6
56 77 8
56 78 7
56 79 2
56 81 5
56 87 10
56 90 1
56 91 10
56 94 2
56 95 5
56 97 4
56 101 8
56 103 7
56 107 5
56 109 4
56 110 8
57 58 6
57 61 6
57 66 5
57 67 5
57 68 4
57 71 2
57 78 2
57 82 5
57 83 9
57 88 7
57 89 8
57 90 7
57 91 2
57 92 7
57 93 2
57 94 7
57 97 7
57 98 6
57 101 8
57 104 7
57 105 1
57 107 2
57 108 8
57 109 5
58 63 1
58 64 4
58 69 7
58 70 10
58 75 8
58 76 2
58 79 2
58 80 1
58 81 6
58 82 10
58 84 7
58 88 9
58 89 4
58 90 2
58 93 7
58 96 4
58 99 4
58 100 10
58 102 8
58 106 8
58 109 2
59 60 4
59 61 3
59 64 10
59 66 3
59 67 1
59 69 7
59 70 3
59 72 7
59 73 2
59 78 4
59 81 7
59 83 4
59 84 3
59 91 7
59 93 6
59 94 5
59 96 8
59 98 8
59 100 5
59 101 4
59 102 5
59 104 8
59 105 7
59 108 6
60 68 5
60 73 10
60 74 4
60 75 7
60 76 10
60 81 7
60 83 6
60 85 9
60 88 10
60 90 3
60 91 9
60 94 2
60 101 8
60 102 1
60 103 8
60 105 5
60 107 2
60 108 1
61 66 1
61 68 7
61 72 8
61 75 9
61 76 6
61 79 9
61 81 4
61 82 5
61 84 8
61 85 4
61 90 2
61 94 4
61 101 10
61 103 3
61 105 10
61 110 2
62 64 3
62 65 6
62 68 2
62 69 5
62 70 10
62 71 9
62 74 4
62 75 8
62 76 1
62 77 3
62 78 3
62 79 10
62 83 5
62 84 8
62 87 10
62 91 2
62 92 4
62 93 8
62 100 9
62 103 5
62 104 2
62 108 7
62 110 5
63 66 8
63 69 8
63 71 7
63 73 2
63 81 4
63 83 5
63 85 10
63 86 7
63 87 6
63 91 4
63 92 6
63 95 7
63 102 8
63 107 2
64 65 8
64 68 6
64 70 10
64 77 8
64 80 5
64 81 9
64 82 7
64 84 1
64 85 7
64 90 4
64 91 2
64 93 2
64 94 7
64 95 9
64 96 9
64 97 7
64 101 4
64 103 5
64 107 10
64 109 4
65 68 7
65 69 7
65 70 1
65 72 7
65 74 2
65 76 4
65 79 2
65 82 10
65 84 6
65 86 7
65 92 6
65 94 8
65 95 3
65 97 6
65 98 2
65 100 2
65 104 6
65 107 9
65 108 4
66 67 2
66 69 10
66 71 9
66 72 9
66 73 2
66 75 3
66 76 2
66 78 2
66 84 7
66 85 5
66 90 1
66 92 10
66 97 1
66 100 3
66 105 7
66 110 1
67 68 3
67 70 7
67 71 7
67 72 10
67 73 5
67 74 3
67 75 6
67 77 5
67 80 4
67 81 2
67 84 3
67 85 4
67 86 6
67 96 2
67 97 9
67 98 3
67 101 8
67 103 9
67 104 3
67 106 9
67 110 7
68 71 5
68 73 4
68 74 7
68 78 9
68 79 4
68 80 7
68 83 6
68 86 2
68 89 2
68 90 9
68 91 5
68 94 8
68 96 3
68 100 6
68 102 6
68 103 3
68 106 3
68 107 10
69 70 5
69 73 10
69 78 6
69 80 3
69 81 5
69 84 8
69 85 1
69 88 4
69 89 2
69 92 10
69 94 2
69 97 5
69 102 3
69 104 8
69 107 6
69 108 1
69 109 5
70 71 10
70 73 3
70 74 7
70 75 3
70 76 3
70 78 9
70 81 10
70 82 9
70 83 3
70 88 6
70 90 7
70 91 5
70 99 6
70 102 7
71 72 8
71 73 6
71 75 3
71 76 4
71 84 4
71 85 1
71 86 10
71 87 4
71 88 10
71 89 5
71 90 3
71 91 10
71 93 2
71 98 5
71 100 2
71 101 3
71 102 10
71 105 9
71 107 6
71 109 4
72 74 1
72 78 7
72 80 10
72 82 8
72 85 8
72 89 6
72 92 9
72 93 2
72 94 8
72 95 9
72 96 3
72 97 4
72 101 8
72 102 3
72 106 3
72 110 2
73 75 3
73 77 5
73 78 3
73 83 10
73 84 5
73 85 8
73 87 7
73 89 10
73 91 6
73 94 8
73 95 10
73 96 7
73 97 7
73 98 3
73 99 1
73 100 1
73 101 6
73 105 7
73 107 10
74 77 3
74 80 5
74 82 3
74 89 8
74 91 4
74 93 8
74 94 7
74 96 7
74 97 4
74 98 1
74 100 3
74 102 2
74 107 3
74 110 7
75 77 2
75 78 5
75 80 7
75 84 6
75 86 10
75 89 9
75 90 3
75 98 5
75 100 1
75 102 3
75 106 5
75 107 2
75 108 10
75 109 1
76 79 2
76 85 9
76 87 9
76 89 3
76 90 10
76 91 2
76 98 1
76 106 6
76 108 9
76 109 6
76 110 8
77 78 6
77 80 2
77 83 4
77 84 10
77 87 5
77 91 9
77 92 6
77 97 5
77 98 3
77 99 1
77 107 7
77 108 9
77 109 5
78 81 6
78 85 10
78 90 4
78 91 8
78 95 2
78 102 7
78 106 2
78 107 2
79 81 9
79 82 5
79 84 8
79 87 6
79 88 4
79 89 1
79 90 8
79 92 10
79 95 1
79 96 3
79 100 9
79 103 2
79 106 2
79 109 4
80 89 5
80 93 9
80 94 3
80 95 3
80 101 7
80 103 7
81 82 10
81 84 7
81 86 5
81 91 10
81 96 8
81 97 5
81 100 8
81 107 6
81 108 6
81 109 1
82 84 6
82 87 9
82 90 1
82 91 2
82 92 9
82 93 2
82 94 6
82 95 3
82 96 5
82 101 8
82 105 5
82 110 4
83 84 9
83 88 8
83 90 6
83 94 8
83 95 2
83 98 9
83 101 4
83 103 8
83 104 8
83 106 7
84 85 3
84 86 1
84 90 5
84 91 8
84 95 10
84 102 8
84 104 10
84 105 2
84 107 3
85 86 9
85 95 10
85 96 3
85 97 1
85 101 8
85 102 7
85 103 3
85 107 5
85 108 8
85 110 5
86 87 1
86 91 2
86 93 10
86 94 6
86 97 2
86 101 7
86 103 10
86 108 6
86 109 3
86 110 4
87 91 3
87 92 9
87 93 9
87 102 1
87 103 2
87 105 4
87 107 7
87 108 2
88 92 2
88 96 7
88 99 3
88 101 6
88 102 1
88 105 2
88 110 2
89 90 3
89 91 8
89 93 2
89 100 1
89 102 9
89 104 2
89 106 4
89 107 8
89 110 2
90 92 2
90 96 4
90 98 9
90 100 7
90 105 2
90 107 2
90 108 3
90 109 3
91 92 5
91 93 8
91 95 10
91 97 9
91 99 8
91 100 9
91 104 4
91 106 5
92 96 6
92 97 7
92 98 6
92 103 6
92 104 4
92 105 1
92 108 3
93 97 10
93 98 1
93 101 2
93 102 7
93 103 1
93 104 4
93 105 3
93 108 1
94 96 3
94 99 2
94 100 2
94 101 10
94 102 7
94 103 10
94 105 8
94 106 10
94 109 8
95 98 8
95 99 3
95 101 4
95 102 1
95 105 9
95 107 3
95 108 7
95 109 10
95 110 5
96 98 9
96 102 5
96 105 7
96 110 4
97 102 7
97 104 10
97 106 9
97 107 4
97 109 1
98 103 7
98 106 2
98 107 9
98 108 5
98 109 5
99 100 6
99 102 8
99 104 9
99 106 3
99 108 6
99 109 4
99 110 3
100 101 5
100 102 4
100 108 4
100 110 4
101 102 9
101 106 3
101 109 6
101 110 5
102 107 10
102 108 7
102 109 7
102 110 5
103 106 10
103 107 10
103 110 10
104 106 10
104 107 5
104 108 1
105 108 2
106 107 4
106 109 7
106 110 9
107 109 4
108 109 6
