5018
1 2 6
1 7 7
1 8 7
1 12 5
1 13 5
1 14 5
1 17 10
1 21 7
1 24 1
1 30 8
1 31 4
1 33 9
1 40 5
1 42 7
1 43 6
1 46 1
1 50 8
1 52 8
1 55 2
1 56 2
1 57 5
1 58 3
1 60 7
1 61 7
1 63 2
1 64 7
1 67 9
1 69 3
1 72 9
1 78 6
1 86 9
1 88 8
1 89 7
1 91 2
1 92 10
1 94 5
1 99 1
1 100 6
1 101 2
1 102 5
1 103 4
1 104 5
1 105 10
1 112 8
1 113 8
1 117 3
1 118 9
1 119 6
1 123 7
1 124 10
1 126 3
1 129 2
1 130 2
1 138 3
1 139 7
1 141 1
1 146 6
1 147 1
1 152 5
1 155 10
1 156 8
2 4 1
2 7 8
2 8 3
2 11 5
2 15 10
2 16 10
2 28 8
2 29 2
2 33 4
2 34 8
2 35 5
2 37 7
2 38 7
2 39 8
2 40 10
2 43 10
2 44 9
2 48 5
2 51 4
2 53 2
2 58 1
2 60 7
2 62 1
2 73 1
2 77 2
2 80 7
2 84 1
2 86 9
2 88 7
2 90 5
2 91 2
2 93 7
2 94 9
2 95 2
2 96 1
2 97 2
2 99 1
2 105 1
2 106 4
2 115 2
2 116 3
2 120 9
2 121 1
2 122 8
2 123 5
2 125 6
2 126 1
2 128 6
2 134 4
2 137 9
2 139 4
2 142 10
2 143 4
2 145 8
2 148 1
2 149 5
2 151 8
2 153 3
2 156 1
2 157 5
2 158 4
2 160 3
3 4 1
3 5 10
3 8 8
3 10 7
3 14 1
3 19 10
3 20 7
3 24 4
3 25 5
3 27 5
3 28 1
3 29 8
3 30 9
3 31 7
3 32 3
3 38 3
3 39 1
3 40 4
3 42 10
3 47 3
3 49 7
3 53 9
3 54 5
3 55 10
3 60 4
3 64 7
3 65 10
3 67 1
3 68 4
3 69 1
3 72 3
3 73 9
3 74 5
3 79 2
3 81 1
3 82 4
3 85 6
3 86 8
3 88 8
3 89 1
3 90 3
3 98 3
3 100 3
3 104 10
3 105 9
3 107 6
3 110 6
3 111 8
3 112 7
3 117 8
3 120 3
3 124 5
3 133 5
3 137 6
3 140 2
3 141 10
3 142 8
3 144 5
3 148 8
3 153 3
3 154 10
3 155 8
3 156 6
3 157 4
3 160 10
4 10 3
4 13 10
4 14 3
4 20 7
4 21 10
4 25 1
4 29 8
4 30 8
4 33 5
4 34 6
4 36 9
4 40 1
4 41 1
4 42 8
4 44 8
4 45 4
4 46 10
4 47 2
4 48 9
4 50 2
4 56 5
4 57 6
4 58 9
4 61 6
4 64 1
4 69 6
4 71 8
4 74 7
4 75 5
4 76 1
4 81 2
4 86 8
4 88 7
4 92 9
4 96 9
4 97 6
4 100 1
4 104 3
4 106 4
4 110 7
4 111 1
4 113 6
4 116 10
4 119 5
4 123 5
4 128 6
4 129 4
4 130 10
4 134 5
4 135 3
4 136 10
4 138 1
4 142 6
4 143 6
4 145 9
4 154 8
4 157 6
4 158 8
4 159 10
4 160 6
5 6 6
5 9 5
5 14 7
5 15 7
5 18 1
5 20 10
5 27 10
5 29 9
5 30 1
5 33 4
5 41 9
5 42 4
5 43 2
5 44 6
5 47 6
5 49 6
5 50 6
5 53 5
5 54 6
5 55 5
5 56 2
5 59 4
5 60 3
5 61 7
5 62 1
5 64 6
5 66 2
5 67 8
5 69 2
5 71 4
5 72 2
5 74 8
5 75 10
5 76 5
5 78 3
5 83 9
5 86 2
5 88 10
5 90 4
5 94 1
5 98 6
5 101 2
5 103 3
5 107 7
5 111 10
5 115 9
5 118 1
5 120 8
5 122 10
5 124 1
5 127 2
5 130 8
5 132 6
5 134 7
5 137 9
5 139 3
5 143 5
5 144 9
5 150 3
5 151 3
5 152 8
5 160 9
6 8 1
6 10 2
6 11 5
6 12 7
6 15 8
6 17 5
6 18 5
6 26 2
6 30 3
6 31 3
6 35 9
6 40 2
6 46 2
6 49 10
6 50 2
6 51 5
6 54 10
6 55 5
6 56 1
6 57 2
6 59 3
6 60 5
6 61 5
6 62 9
6 66 7
6 67 2
6 71 6
6 72 10
6 73 3
6 74 6
6 79 4
6 80 5
6 82 6
6 87 3
6 88 8
6 89 5
6 90 6
6 93 7
6 94 5
6 100 2
6 101 8
6 102 10
6 114 4
6 116 5
6 118 8
6 119 5
6 121 6
6 122 3
6 123 7
6 128 3
6 130 10
6 133 7
6 135 9
6 137 10
6 140 6
6 142 7
6 146 8
6 147 5
6 148 4
6 152 10
6 158 6
6 160 6
7 8 3
7 9 8
7 11 1
7 16 3
7 17 8
7 19 3
7 21 4
7 28 9
7 30 2
7 31 8
7 34 4
7 36 8
7 40 1
7 41 8
7 43 4
7 44 1
7 45 10
7 47 10
7 48 7
7 49 5
7 51 8
7 54 7
7 58 3
7 59 2
7 60 6
7 70 4
7 71 1
7 72 5
7 76 2
7 77 5
7 78 5
7 82 3
7 84 8
7 86 10
7 87 7
7 90 9
7 93 7
7 95 9
7 98 9
7 100 10
7 101 5
7 105 2
7 109 7
7 110 3
7 114 1
7 116 8
7 117 8
7 119 9
7 123 5
7 125 8
7 126 7
7 127 10
7 128 5
7 131 7
7 133 7
7 136 8
7 144 5
7 146 1
7 152 10
7 155 1
7 156 7
7 157 3
7 158 10
8 9 7
8 12 5
8 15 1
8 18 5
8 21 7
8 26 1
8 28 9
8 30 5
8 32 5
8 34 8
8 35 3
8 38 8
8 44 4
8 46 7
8 51 6
8 54 1
8 55 3
8 60 8
8 63 1
8 65 1
8 66 9
8 67 7
8 68 8
8 69 9
8 72 5
8 78 3
8 79 9
8 80 7
8 82 7
8 91 10
8 92 9
8 93 6
8 95 3
8 97 7
8 102 9
8 103 5
8 105 1
8 106 6
8 113 3
8 115 1
8 117 3
8 119 7
8 120 1
8 127 6
8 129 3
8 130 2
8 133 2
8 134 2
8 136 3
8 137 9
8 141 5
8 144 4
8 150 7
8 152 10
8 153 6
8 154 6
8 157 8
8 158 2
8 159 5
8 160 2
9 10 4
9 12 1
9 13 2
9 21 3
9 22 3
9 30 8
9 34 5
9 40 6
9 49 10
9 54 3
9 55 2
9 57 6
9 58 10
9 59 6
9 62 7
9 66 3
9 70 9
9 71 10
9 75 6
9 78 2
9 82 7
9 86 10
9 87 2
9 90 8
9 93 2
9 97 6
9 99 5
9 100 4
9 102 6
9 103 7
9 104 9
9 105 8
9 110 9
9 124 9
9 125 2
9 133 1
9 138 3
9 140 9
9 141 1
9 143 6
9 147 2
9 148 6
9 154 8
9 156 8
9 157 7
9 158 2
10 14 5
10 17 3
10 18 4
10 20 5
10 23 10
10 24 9
10 25 2
10 28 2
10 29 8
10 30 3
10 31 1
10 33 2
10 38 2
10 39 8
10 42 8
10 43 10
10 45 9
10 46 1
10 51 8
10 56 4
10 62 4
10 64 6
10 66 3
10 68 1
10 69 7
10 70 1
10 71 1
10 72 2
10 74 6
10 76 6
10 77 3
10 83 9
10 84 6
10 94 7
10 95 10
10 96 5
10 97 1
10 105 7
10 106 5
10 108 9
10 109 9
10 110 1
10 112 5
10 119 3
10 120 7
10 122 2
10 123 3
10 124 10
10 126 7
10 127 10
10 128 10
10 132 3
10 133 4
10 143 10
10 146 5
10 147 3
10 149 3
10 150 4
10 152 4
10 156 4
10 160 1
11 12 8
11 13 4
11 15 4
11 16 9
11 17 4
11 18 7
11 25 2
11 26 8
11 27 5
11 29 7
11 34 9
11 35 2
11 37 5
11 44 8
11 45 3
11 47 3
11 48 5
11 50 9
11 52 4
11 53 5
11 57 3
11 58 7
11 67 7
11 73 4
11 75 9
11 77 10
11 78 8
11 81 7
11 83 3
11 89 2
11 93 2
11 96 5
11 97 4
11 99 9
11 100 10
11 102 2
11 105 9
11 106 4
11 107 1
11 108 8
11 112 6
11 115 6
11 118 6
11 120 6
11 124 3
11 125 5
11 128 2
11 132 1
11 134 9
11 138 1
11 143 4
11 145 5
11 148 8
11 152 5
11 153 2
11 154 6
11 159 6
12 13 4
12 14 4
12 15 10
12 16 1
12 19 1
12 24 3
12 26 10
12 27 10
12 28 4
12 29 8
12 33 5
12 34 2
12 35 6
12 37 6
12 39 10
12 42 4
12 46 10
12 47 3
12 48 3
12 49 6
12 50 9
12 52 10
12 53 10
12 56 3
12 57 4
12 58 7
12 59 8
12 66 1
12 70 8
12 73 2
12 74 9
12 77 2
12 79 9
12 84 1
12 87 8
12 88 6
12 89 6
12 93 8
12 95 3
12 105 1
12 107 3
12 109 1
12 110 4
12 113 1
12 116 7
12 117 5
12 118 7
12 120 5
12 121 5
12 123 3
12 131 3
12 132 1
12 133 10
12 134 1
12 137 9
12 138 2
12 140 3
12 143 6
12 144 5
12 151 9
12 152 1
12 153 8
12 154 9
13 15 4
13 16 4
13 19 1
13 22 3
13 26 4
13 31 9
13 33 1
13 39 6
13 43 2
13 45 6
13 51 1
13 55 4
13 56 4
13 58 2
13 60 2
13 64 10
13 66 5
13 68 9
13 69 1
13 75 1
13 79 3
13 81 5
13 84 4
13 87 8
13 89 5
13 92 10
13 97 5
13 103 5
13 105 5
13 108 7
13 110 10
13 112 8
13 113 9
13 115 2
13 116 10
13 117 3
13 119 5
13 120 10
13 121 8
13 123 1
13 127 2
13 129 6
13 132 8
13 133 8
13 135 3
13 136 2
13 137 2
13 139 6
13 140 3
13 144 2
13 152 2
13 159 4
13 160 3
14 15 6
14 16 1
14 24 2
14 25 2
14 26 4
14 36 2
14 38 5
14 39 2
14 41 7
14 42 5
14 43 4
14 45 10
14 47 3
14 50 4
14 51 1
14 53 3
14 55 8
14 56 6
14 57 9
14 62 8
14 65 1
14 66 5
14 69 9
14 71 9
14 72 3
14 74 5
14 76 9
14 77 8
14 80 7
14 82 7
14 84 3
14 87 2
14 91 8
14 95 8
14 96 10
14 97 7
14 101 3
14 108 6
14 109 5
14 110 6
14 112 8
14 113 10
14 115 9
14 117 10
14 118 5
14 120 8
14 121 10
14 122 2
14 123 9
14 124 4
14 125 5
14 127 1
14 130 3
14 132 3
14 138 10
14 141 9
14 144 10
14 148 5
14 154 5
14 157 5
14 159 8
14 160 8
15 16 1
15 17 3
15 19 2
15 22 9
15 23 3
15 28 3
15 33 5
15 34 3
15 35 1
15 39 5
15 40 8
15 42 5
15 47 7
15 48 9
15 49 9
15 51 7
15 52 9
15 53 7
15 54 7
15 56 8
15 57 8
15 60 2
15 67 7
15 68 4
15 71 5
15 72 9
15 76 6
15 77 4
15 79 2
15 83 8
15 91 6
15 98 5
15 99 5
15 101 6
15 102 2
15 103 4
15 106 6
15 107 8
15 109 10
15 110 4
15 111 5
15 112 7
15 115 3
15 116 1
15 118 7
15 120 10
15 122 3
15 125 7
15 128 1
15 129 5
15 131 10
15 142 9
15 144 4
15 145 2
15 146 1
15 147 4
15 148 5
15 150 4
15 151 3
15 153 3
15 154 6
15 157 10
15 158 6
16 17 7
16 19 10
16 24 6
16 36 7
16 38 8
16 43 7
16 44 7
16 48 2
16 52 8
16 55 3
16 57 2
16 60 2
16 61 7
16 62 8
16 63 9
16 64 4
16 66 7
16 67 9
16 74 7
16 75 5
16 76 7
16 77 3
16 78 6
16 79 3
16 80 7
16 81 1
16 82 9
16 87 1
16 89 2
16 91 4
16 93 9
16 101 2
16 105 3
16 106 5
16 108 5
16 113 10
16 115 3
16 117 4
16 125 9
16 128 8
16 132 5
16 135 10
16 137 1
16 138 3
16 143 6
16 144 5
16 146 4
16 154 5
16 156 9
16 158 9
16 160 8
17 18 6
17 19 1
17 22 3
17 23 5
17 25 5
17 28 1
17 29 8
17 30 10
17 35 6
17 41 8
17 43 10
17 45 4
17 47 5
17 49 6
17 50 1
17 54 2
17 59 6
17 60 8
17 62 6
17 64 8
17 65 3
17 67 2
17 68 1
17 69 9
17 75 8
17 78 3
17 82 3
17 84 5
17 86 5
17 87 3
17 88 6
17 90 5
17 91 2
17 92 6
17 94 7
17 95 2
17 100 2
17 102 3
17 105 5
17 107 2
17 108 7
17 110 7
17 112 4
17 117 4
17 118 3
17 120 1
17 124 9
17 126 9
17 127 4
17 128 2
17 129 8
17 131 9
17 132 3
17 134 6
17 135 3
17 136 4
17 137 4
17 138 4
17 139 3
17 140 9
17 142 1
17 144 5
17 145 8
17 146 10
17 147 8
17 148 6
17 149 2
17 156 1
17 157 3
17 158 8
17 159 3
17 160 7
18 19 8
18 20 7
18 22 5
18 24 5
18 27 7
18 29 4
18 32 8
18 35 1
18 38 9
18 42 7
18 43 7
18 44 2
18 45 3
18 47 6
18 49 5
18 56 3
18 57 8
18 60 5
18 61 9
18 62 4
18 65 10
18 72 2
18 73 9
18 81 10
18 82 3
18 84 5
18 88 7
18 91 7
18 92 5
18 94 3
18 98 7
18 101 8
18 103 9
18 104 2
18 107 6
18 110 7
18 113 7
18 115 7
18 119 3
18 120 1
18 124 7
18 128 1
18 129 10
18 130 1
18 132 5
18 140 2
18 142 7
18 143 1
18 155 2
18 156 5
18 160 7
19 20 10
19 23 5
19 24 4
19 26 4
19 27 6
19 28 10
19 29 7
19 30 7
19 34 10
19 37 4
19 39 1
19 40 10
19 41 7
19 53 3
19 55 10
19 58 1
19 59 8
19 60 5
19 61 2
19 62 2
19 64 9
19 68 1
19 69 10
19 70 9
19 73 7
19 76 1
19 78 3
19 79 8
19 84 3
19 88 1
19 89 2
19 90 4
19 91 9
19 93 1
19 94 6
19 107 4
19 113 1
19 118 1
19 120 5
19 123 6
19 124 4
19 126 2
19 127 7
19 128 10
19 130 7
19 133 3
19 139 6
19 140 9
19 142 7
19 145 6
19 151 8
19 152 10
19 155 1
19 156 9
19 158 4
19 160 4
20 22 5
20 24 2
20 27 2
20 30 5
20 32 2
20 35 8
20 36 7
20 38 10
20 41 2
20 42 6
20 44 7
20 50 3
20 51 2
20 54 5
20 55 6
20 64 4
20 65 5
20 68 1
20 69 1
20 71 1
20 76 6
20 77 4
20 78 1
20 89 6
20 90 1
20 92 1
20 96 7
20 99 1
20 100 9
20 101 4
20 103 10
20 108 1
20 109 3
20 111 2
20 112 8
20 113 10
20 120 1
20 121 3
20 122 5
20 125 8
20 129 1
20 133 6
20 137 5
20 138 5
20 142 7
20 143 2
20 144 7
20 145 9
20 146 10
20 147 8
20 150 2
20 153 2
20 154 10
20 156 10
21 23 8
21 24 7
21 25 6
21 29 9
21 30 2
21 31 2
21 37 5
21 40 2
21 41 5
21 45 1
21 46 3
21 49 7
21 51 4
21 52 2
21 56 8
21 58 5
21 60 3
21 61 8
21 65 5
21 70 5
21 78 6
21 81 1
21 82 6
21 84 8
21 86 2
21 88 5
21 91 10
21 92 3
21 93 10
21 94 10
21 96 9
21 97 8
21 103 8
21 107 5
21 108 2
21 109 8
21 110 10
21 111 4
21 112 6
21 114 9
21 115 1
21 117 1
21 118 5
21 127 10
21 128 10
21 130 7
21 131 8
21 133 10
21 134 4
21 135 5
21 136 9
21 138 3
21 139 8
21 141 7
21 144 8
21 145 5
21 146 1
21 147 4
21 149 8
21 150 5
21 156 2
21 158 7
21 160 3
22 26 10
22 28 4
22 29 4
22 30 8
22 31 9
22 32 4
22 35 4
22 36 7
22 38 3
22 44 5
22 47 2
22 50 3
22 52 4
22 54 9
22 59 8
22 60 7
22 61 5
22 63 1
22 69 3
22 70 7
22 72 9
22 77 10
22 83 8
22 88 8
22 90 6
22 92 8
22 96 6
22 99 10
22 100 2
22 101 8
22 111 4
22 113 7
22 115 9
22 120 9
22 123 1
22 124 1
22 128 2
22 129 1
22 130 3
22 133 5
22 135 5
22 136 4
22 140 6
22 143 3
22 145 3
22 147 2
22 150 2
22 151 8
22 152 3
22 155 9
22 157 4
23 27 10
23 31 1
23 32 3
23 35 7
23 42 6
23 43 3
23 44 1
23 48 2
23 49 8
23 50 1
23 52 9
23 54 3
23 56 9
23 58 1
23 64 4
23 66 3
23 69 5
23 70 5
23 73 9
23 77 7
23 81 4
23 84 2
23 85 3
23 88 5
23 89 3
23 91 2
23 92 7
23 94 10
23 106 1
23 107 10
23 110 8
23 111 7
23 114 7
23 115 3
23 116 6
23 117 7
23 118 4
23 122 9
23 123 1
23 124 9
23 125 10
23 128 2
23 129 4
23 132 10
23 133 3
23 134 9
23 135 3
23 136 1
23 137 5
23 138 4
23 141 6
23 145 1
23 146 9
23 147 8
23 148 2
23 157 7
23 159 4
23 160 3
24 27 9
24 28 4
24 31 8
24 32 3
24 34 3
24 40 4
24 42 7
24 43 8
24 44 6
24 49 4
24 52 9
24 57 8
24 58 8
24 61 5
24 62 1
24 64 8
24 71 3
24 72 1
24 74 6
24 77 2
24 78 4
24 81 5
24 82 7
24 83 9
24 84 5
24 87 10
24 90 7
24 92 10
24 93 2
24 94 3
24 95 3
24 98 8
24 100 6
24 103 4
24 110 4
24 112 10
24 115 3
24 118 4
24 119 6
24 121 7
24 124 6
24 126 2
24 128 2
24 131 5
24 132 8
24 134 5
24 135 6
24 138 7
24 139 4
24 140 2
24 143 5
24 144 10
24 148 4
24 152 7
24 155 3
25 28 1
25 37 5
25 39 9
25 41 2
25 42 4
25 44 3
25 46 3
25 47 10
25 48 10
25 52 6
25 55 7
25 57 2
25 59 7
25 65 6
25 70 1
25 73 1
25 84 2
25 86 5
25 88 10
25 92 6
25 95 8
25 103 9
25 104 6
25 112 4
25 113 8
25 116 6
25 117 4
25 122 4
25 123 3
25 124 5
25 129 8
25 130 6
25 131 4
25 133 10
25 136 9
25 142 8
25 146 4
25 147 4
25 150 6
25 154 10
25 156 1
25 158 5
26 27 9
26 29 8
26 31 5
26 33 4
26 37 3
26 46 9
26 48 6
26 49 4
26 52 1
26 54 6
26 58 3
26 65 5
26 66 6
26 67 2
26 69 7
26 71 10
26 72 9
26 74 10
26 75 8
26 77 9
26 78 9
26 79 5
26 80 4
26 81 3
26 82 7
26 84 4
26 89 2
26 90 6
26 96 9
26 97 5
26 100 8
26 101 4
26 102 1
26 105 1
26 110 10
26 111 7
26 112 6
26 113 5
26 114 5
26 118 1
26 121 6
26 122 4
26 125 2
26 132 5
26 133 10
26 136 3
26 138 6
26 139 3
26 141 1
26 145 8
26 149 10
26 153 2
26 154 4
26 155 1
26 156 3
27 31 5
27 35 2
27 39 5
27 40 2
27 43 7
27 46 6
27 48 10
27 49 3
27 50 6
27 51 7
27 54 10
27 55 4
27 63 6
27 64 1
27 67 10
27 68 9
27 69 4
27 70 6
27 74 4
27 75 9
27 78 4
27 82 4
27 88 1
27 89 6
27 90 8
27 91 1
27 99 5
27 100 4
27 102 1
27 104 10
27 106 5
27 108 9
27 109 4
27 110 9
27 112 9
27 114 5
27 116 9
27 118 2
27 119 4
27 122 4
27 125 4
27 128 5
27 131 8
27 132 4
27 134 4
27 138 3
27 140 4
27 141 8
27 145 4
27 146 3
27 149 5
27 154 9
27 155 3
27 158 6
27 159 9
27 160 10
28 30 9
28 31 9
28 38 10
28 39 5
28 43 7
28 44 10
28 45 6
28 47 2
28 50 2
28 55 10
28 56 2
28 59 3
28 61 10
28 64 10
28 67 3
28 69 6
28 78 1
28 79 1
28 80 5
28 83 7
28 85 2
28 86 3
28 88 4
28 89 6
28 92 3
28 93 4
28 94 2
28 96 2
28 101 2
28 104 5
28 106 1
28 107 9
28 109 9
28 110 2
28 111 9
28 115 9
28 118 1
28 120 9
28 121 10
28 123 4
28 126 3
28 127 9
28 131 3
28 132 2
28 135 4
28 136 7
28 137 9
28 138 4
28 141 7
28 142 7
28 144 5
28 145 6
28 147 2
28 149 7
28 150 10
28 155 5
28 157 10
29 33 4
29 40 5
29 43 1
29 44 8
29 45 7
29 46 3
29 50 2
29 55 9
29 57 3
29 58 8
29 59 3
29 60 4
29 65 6
29 74 2
29 75 5
29 77 7
29 79 9
29 80 2
29 81 3
29 83 7
29 86 4
29 89 8
29 92 10
29 95 8
29 99 3
29 106 4
29 107 8
29 108 7
29 110 4
29 112 7
29 113 2
29 118 4
29 124 9
29 127 4
29 129 9
29 131 5
29 133 3
29 136 7
29 137 7
29 138 7
29 141 2
29 142 3
29 143 2
29 147 2
29 148 7
29 150 9
29 151 6
29 156 3
29 158 9
29 160 4
30 36 1
30 37 3
30 38 9
30 39 8
30 40 2
30 45 2
30 50 7
30 51 5
30 53 1
30 54 1
30 63 8
30 65 4
30 69 3
30 71 3
30 72 3
30 74 5
30 77 6
30 78 5
30 79 6
30 83 6
30 84 1
30 91 7
30 95 5
30 96 5
30 97 9
30 102 3
30 103 3
30 104 8
30 110 3
30 111 5
30 112 10
30 115 5
30 118 8
30 119 7
30 121 2
30 122 9
30 124 2
30 125 10
30 126 8
30 127 3
30 129 3
30 130 9
30 131 6
30 138 1
30 139 4
30 141 1
30 145 1
30 148 8
30 150 2
30 156 8
30 160 2
31 34 4
31 37 10
31 43 1
31 44 8
31 45 10
31 47 8
31 48 5
31 49 9
31 52 3
31 54 8
31 55 10
31 58 3
31 60 9
31 74 8
31 75 2
31 77 7
31 78 1
31 81 8
31 87 2
31 88 6
31 90 2
31 91 8
31 92 3
31 95 7
31 99 6
31 104 6
31 108 9
31 112 4
31 113 5
31 114 9
31 119 4
31 122 5
31 124 10
31 125 1
31 127 4
31 129 1
31 130 2
31 131 10
31 135 3
31 136 7
31 138 6
31 145 10
31 150 2
31 158 2
31 159 4
31 160 10
32 34 10
32 36 1
32 37 8
32 40 2
32 42 6
32 45 7
32 47 6
32 48 10
32 49 10
32 53 6
32 54 6
32 55 7
32 57 7
32 58 10
32 61 7
32 62 7
32 63 5
32 64 6
32 65 8
32 69 7
32 73 3
32 74 8
32 76 2
32 80 7
32 87 10
32 88 5
32 93 2
32 94 7
32 96 6
32 98 3
32 104 9
32 105 4
32 107 6
32 109 4
32 110 5
32 122 2
32 126 2
32 127 5
32 128 8
32 130 9
32 131 7
32 134 3
32 137 6
32 138 1
32 139 10
32 140 10
32 143 8
32 145 3
32 147 6
32 150 9
32 151 7
32 152 6
32 157 1
32 158 8
32 160 7
33 34 2
33 36 7
33 51 8
33 55 2
33 59 8
33 62 3
33 64 1
33 65 1
33 71 10
33 73 7
33 75 3
33 76 5
33 77 4
33 78 9
33 82 8
33 89 5
33 91 9
33 94 9
33 99 7
33 107 7
33 108 8
33 114 1
33 118 5
33 121 6
33 124 3
33 128 2
33 134 2
33 140 1
33 141 1
33 145 2
33 149 4
33 151 8
33 155 3
33 156 6
33 157 5
33 158 5
33 159 9
33 160 8
34 35 4
34 36 1
34 39 4
34 43 7
34 47 3
34 50 2
34 53 3
34 55 5
34 58 3
34 59 7
34 63 3
34 65 3
34 66 2
34 67 8
34 70 5
34 72 1
34 73 8
34 74 4
34 76 8
34 77 3
34 78 8
34 80 10
34 84 2
34 85 3
34 86 3
34 92 7
34 93 4
34 96 3
34 98 7
34 101 7
34 102 6
34 103 5
34 104 10
34 108 8
34 111 2
34 113 8
34 118 3
34 128 1
34 132 2
34 134 8
34 136 2
34 139 5
34 141 8
34 145 6
34 146 1
34 148 1
34 152 5
34 153 4
35 37 5
35 41 4
35 42 7
35 45 4
35 46 9
35 47 8
35 49 8
35 53 5
35 55 10
35 57 1
35 62 10
35 65 1
35 69 9
35 71 6
35 73 9
35 83 9
35 84 3
35 86 6
35 90 9
35 93 1
35 95 7
35 97 2
35 100 8
35 101 4
35 102 2
35 105 2
35 107 5
35 108 3
35 116 6
35 119 4
35 120 10
35 122 1
35 129 10
35 132 1
35 134 7
35 135 6
35 141 3
35 146 6
35 148 9
35 152 3
35 153 2
35 156 1
35 157 7
35 159 4
36 40 2
36 46 10
36 47 9
36 50 6
36 51 10
36 52 2
36 58 6
36 60 3
36 63 5
36 69 7
36 72 2
36 76 7
36 77 9
36 79 4
36 82 9
36 86 10
36 88 7
36 89 6
36 91 5
36 93 9
36 95 2
36 100 8
36 101 5
36 102 2
36 103 2
36 104 8
36 112 9
36 126 4
36 130 6
36 132 6
36 133 9
36 137 8
36 138 2
36 140 6
36 141 6
36 142 8
36 143 4
36 146 9
36 148 7
36 150 1
36 151 4
36 153 4
36 155 1
36 156 5
36 157 9
36 159 5
37 41 3
37 42 7
37 45 10
37 46 5
37 56 4
37 57 1
37 58 7
37 59 2
37 61 10
37 64 9
37 68 5
37 71 9
37 76 4
37 81 2
37 84 4
37 86 4
37 88 8
37 90 3
37 91 7
37 92 8
37 97 5
37 98 1
37 99 8
37 101 5
37 102 1
37 105 10
37 106 4
37 109 2
37 116 5
37 118 6
37 120 4
37 121 9
37 122 5
37 126 4
37 129 9
37 130 9
37 131 8
37 133 8
37 135 1
37 141 1
37 143 4
37 144 3
37 145 9
37 149 10
37 152 4
37 158 4
37 160 3
38 47 8
38 48 8
38 49 10
38 53 5
38 55 5
38 59 3
38 62 1
38 63 1
38 66 5
38 67 4
38 69 6
38 75 9
38 77 10
38 78 9
38 87 4
38 89 4
38 91 3
38 93 5
38 94 1
38 96 9
38 97 3
38 100 10
38 106 2
38 107 9
38 108 9
38 109 6
38 112 10
38 113 6
38 114 2
38 116 10
38 117 6
38 120 6
38 122 9
38 125 5
38 126 4
38 134 1
38 136 9
38 140 8
38 141 10
38 142 9
38 144 5
38 150 3
38 151 6
38 152 9
38 156 9
38 160 8
39 42 5
39 43 8
39 47 6
39 52 7
39 56 10
39 57 8
39 59 1
39 63 3
39 65 1
39 67 10
39 70 2
39 71 6
39 82 5
39 85 1
39 90 8
39 91 2
39 92 1
39 94 1
39 96 2
39 97 5
39 98 8
39 101 2
39 103 1
39 105 9
39 106 4
39 111 8
39 113 5
39 114 9
39 117 8
39 118 2
39 123 10
39 127 10
39 129 10
39 130 7
39 132 4
39 134 1
39 136 4
39 138 3
39 140 5
39 141 6
39 143 2
39 144 9
39 157 4
39 159 2
40 48 3
40 51 5
40 52 3
40 53 4
40 56 5
40 57 1
40 65 2
40 69 2
40 70 10
40 72 8
40 76 3
40 78 7
40 83 10
40 85 1
40 87 5
40 92 1
40 93 3
40 94 10
40 96 8
40 107 8
40 108 3
40 112 7
40 113 2
40 114 1
40 116 4
40 117 7
40 118 2
40 120 4
40 122 4
40 123 2
40 124 3
40 126 5
40 127 10
40 130 2
40 132 5
40 134 7
40 141 6
40 144 2
40 145 7
40 148 4
40 153 7
40 156 9
40 158 4
40 159 1
41 45 4
41 46 10
41 50 6
41 51 3
41 54 6
41 57 3
41 66 10
41 72 3
41 73 3
41 75 6
41 76 8
41 79 5
41 81 1
41 82 2
41 88 9
41 90 6
41 91 10
41 92 10
41 93 1
41 94 2
41 95 6
41 97 8
41 102 3
41 107 3
41 109 6
41 111 8
41 115 9
41 116 7
41 119 3
41 120 4
41 125 10
41 126 8
41 128 6
41 130 3
41 137 2
41 139 8
41 141 8
41 145 3
41 148 6
41 149 3
41 155 5
41 156 1
41 157 4
41 159 5
41 160 5
42 43 2
42 45 5
42 47 6
42 48 6
42 49 4
42 51 9
42 52 2
42 55 4
42 60 2
42 62 10
42 63 6
42 67 1
42 70 3
42 72 1
42 74 2
42 76 8
42 82 9
42 85 8
42 86 10
42 90 6
42 93 9
42 95 5
42 96 10
42 100 2
42 104 6
42 106 7
42 108 2
42 110 3
42 113 1
42 117 5
42 120 10
42 122 8
42 124 5
42 126 1
42 129 8
42 130 9
42 133 5
42 136 1
42 137 2
42 138 7
42 145 9
42 149 7
42 151 2
42 153 7
42 160 4
43 46 1
43 47 8
43 50 5
43 51 4
43 53 3
43 54 8
43 58 6
43 62 5
43 64 3
43 70 2
43 71 8
43 72 7
43 81 3
43 82 6
43 87 4
43 91 6
43 92 9
43 94 1
43 95 3
43 97 1
43 100 5
43 101 3
43 102 5
43 103 7
43 104 2
43 106 6
43 109 3
43 110 6
43 113 4
43 114 9
43 115 2
43 118 9
43 122 4
43 126 2
43 132 8
43 135 3
43 136 1
43 137 1
43 141 7
43 144 7
43 145 9
43 147 2
43 149 5
43 151 10
43 154 1
43 155 1
43 156 9
43 158 4
44 46 5
44 51 5
44 52 4
44 56 4
44 58 9
44 60 4
44 62 7
44 65 3
44 66 3
44 69 8
44 73 4
44 74 9
44 76 1
44 78 1
44 83 5
44 86 7
44 87 3
44 88 6
44 90 5
44 92 8
44 94 9
44 95 1
44 97 9
44 100 10
44 101 5
44 108 6
44 110 7
44 112 10
44 114 4
44 115 7
44 120 2
44 122 7
44 123 9
44 124 6
44 126 10
44 127 8
44 129 3
44 130 4
44 133 1
44 134 3
44 139 7
44 142 4
44 146 5
44 148 9
44 149 4
44 150 3
44 154 9
44 157 5
45 46 2
45 49 5
45 50 3
45 52 8
45 56 1
45 57 5
45 61 10
45 64 7
45 65 10
45 70 6
45 72 4
45 75 5
45 80 8
45 84 7
45 88 10
45 89 8
45 90 9
45 91 7
45 92 4
45 94 9
45 95 4
45 96 8
45 98 3
45 99 10
45 104 4
45 105 7
45 109 7
45 111 7
45 112 1
45 113 5
45 114 10
45 115 2
45 116 8
45 117 10
45 118 2
45 120 10
45 122 3
45 125 5
45 126 5
45 128 8
45 129 9
45 130 10
45 131 9
45 132 4
45 138 5
45 139 2
45 140 1
45 142 2
45 145 1
45 146 9
45 148 4
45 149 6
45 157 8
45 159 6
45 160 7
46 55 6
46 56 5
46 57 5
46 58 10
46 59 8
46 61 8
46 63 3
46 64 4
46 69 3
46 75 10
46 76 2
46 78 1
46 79 6
46 80 8
46 81 5
46 82 6
46 84 3
46 97 10
46 99 6
46 100 5
46 101 7
46 102 3
46 109 4
46 114 2
46 117 2
46 118 3
46 124 7
46 126 7
46 127 8
46 132 4
46 133 3
46 134 5
46 137 7
46 141 8
46 143 2
46 145 5
46 148 1
46 149 8
46 160 6
47 50 2
47 52 5
47 53 8
47 55 4
47 58 1
47 60 10
47 61 2
47 65 7
47 66 10
47 67 2
47 72 5
47 74 7
47 78 3
47 85 8
47 86 7
47 90 5
47 92 7
47 94 10
47 95 5
47 99 2
47 105 5
47 107 3
47 108 10
47 112 1
47 119 4
47 120 8
47 123 9
47 125 7
47 128 5
47 129 2
47 133 9
47 134 2
47 135 5
47 139 3
47 140 4
47 141 6
47 143 10
47 144 1
47 154 6
47 156 3
47 160 6
48 50 2
48 59 3
48 60 5
48 61 6
48 62 10
48 65 7
48 67 3
48 68 5
48 70 4
48 71 1
48 74 6
48 75 9
48 76 6
48 77 7
48 82 5
48 83 3
48 85 10
48 88 7
48 94 3
48 95 1
48 97 9
48 99 7
48 104 8
48 108 7
48 109 8
48 110 8
48 111 10
48 115 9
48 121 6
48 122 6
48 126 4
48 131 1
48 133 8
48 134 4
48 135 1
48 136 10
48 138 5
48 140 3
48 144 5
48 146 10
48 148 4
48 149 6
48 150 3
48 151 1
48 154 6
48 155 4
48 160 9
49 56 4
49 57 2
49 60 8
49 63 3
49 66 6
49 69 4
49 70 9
49 72 8
49 74 2
49 79 6
49 81 6
49 82 10
49 84 5
49 93 1
49 97 4
49 99 4
49 102 6
49 108 7
49 113 2
49 114 8
49 115 1
49 118 1
49 119 3
49 122 4
49 124 3
49 131 3
49 132 5
49 133 6
49 135 6
49 137 4
49 138 4
49 139 6
49 143 5
49 144 9
49 146 7
49 147 5
49 150 4
49 151 2
49 153 7
49 159 1
49 160 7
50 51 6
50 56 3
50 60 1
50 61 3
50 62 8
50 65 10
50 66 8
50 67 3
50 68 6
50 70 10
50 71 10
50 76 9
50 78 8
50 79 3
50 85 3
50 87 2
50 89 10
50 92 4
50 95 10
50 96 5
50 98 3
50 101 6
50 104 1
50 106 5
50 109 9
50 111 4
50 112 5
50 113 5
50 114 9
50 115 5
50 116 7
50 119 1
50 122 1
50 124 2
50 125 3
50 126 2
50 129 9
50 131 7
50 137 9
50 139 4
50 143 9
50 146 9
50 148 2
50 150 1
50 152 7
50 153 2
50 155 1
50 157 4
50 158 8
51 55 8
51 57 5
51 58 6
51 60 8
51 61 8
51 63 5
51 64 2
51 68 3
51 70 5
51 81 3
51 82 5
51 85 2
51 99 2
51 100 8
51 104 1
51 113 7
51 114 7
51 117 1
51 118 6
51 119 1
51 124 4
51 128 9
51 130 5
51 135 5
51 137 5
51 140 4
51 142 1
51 143 9
51 144 4
51 145 4
51 151 8
51 153 2
51 156 3
51 157 6
51 158 2
51 159 2
52 59 8
52 60 5
52 62 9
52 66 7
52 68 1
52 72 5
52 77 6
52 78 7
52 85 2
52 87 2
52 88 5
52 90 6
52 91 5
52 94 5
52 95 5
52 101 1
52 103 5
52 104 9
52 112 10
52 119 5
52 121 7
52 122 8
52 123 3
52 128 6
52 129 9
52 130 4
52 131 3
52 135 4
52 138 9
52 139 7
52 140 4
52 143 6
52 145 9
52 146 1
52 147 8
52 148 3
52 154 5
52 155 10
52 158 5
53 54 10
53 55 9
53 57 5
53 58 5
53 67 1
53 68 6
53 71 9
53 73 9
53 74 1
53 76 4
53 78 5
53 83 5
53 84 1
53 88 9
53 89 4
53 92 1
53 93 1
53 97 8
53 98 8
53 99 7
53 101 1
53 104 6
53 106 9
53 108 10
53 110 10
53 111 10
53 112 10
53 115 6
53 117 3
53 118 10
53 121 5
53 126 9
53 127 2
53 131 3
53 133 1
53 134 8
53 135 5
53 137 3
53 139 7
53 144 8
53 147 3
53 149 7
53 151 3
53 155 7
53 156 10
53 158 4
54 55 5
54 56 1
54 57 10
54 58 6
54 59 2
54 62 10
54 64 7
54 65 2
54 67 5
54 71 4
54 75 10
54 78 6
54 79 1
54 84 4
54 86 3
54 87 7
54 90 1
54 91 3
54 92 5
54 97 5
54 99 1
54 102 1
54 109 7
54 110 9
54 114 3
54 117 6
54 118 9
54 120 10
54 124 2
54 128 2
54 129 8
54 135 3
54 136 6
54 137 9
54 139 2
54 140 5
54 145 1
54 148 1
54 149 6
54 151 5
54 155 10
54 160 10
55 58 4
55 61 3
55 65 7
55 67 3
55 70 1
55 72 3
55 74 9
55 78 2
55 83 10
55 84 2
55 86 10
55 88 8
55 91 7
55 93 9
55 94 3
55 95 4
55 98 10
55 103 3
55 105 10
55 108 2
55 112 1
55 114 3
55 117 5
55 120 8
55 122 10
55 124 10
55 126 7
55 135 8
55 140 4
55 144 6
55 151 9
55 153 6
55 154 1
55 157 6
55 159 4
56 57 9
56 58 9
56 60 5
56 63 3
56 64 8
56 68 6
56 70 3
56 72 10
56 74 2
56 75 7
56 78 3
56 79 8
56 80 2
56 81 5
56 82 7
56 85 4
56 90 9
56 95 4
56 98 2
56 100 10
56 101 1
56 102 7
56 105 9
56 108 7
56 109 1
56 112 5
56 114 1
56 116 7
56 118 8
56 123 5
56 124 3
56 125 6
56 127 1
56 128 3
56 129 10
56 130 9
56 133 1
56 136 9
56 146 4
56 148 5
56 149 5
56 150 8
56 155 2
56 156 9
56 157 4
56 159 6
57 61 4
57 69 7
57 70 1
57 72 2
57 73 5
57 76 4
57 84 8
57 86 2
57 87 7
57 89 9
57 90 1
57 92 2
57 101 5
57 107 4
57 115 9
57 121 8
57 122 7
57 123 6
57 125 8
57 127 4
57 129 9
57 131 10
57 133 7
57 137 6
57 140 3
57 142 7
57 146 3
57 152 2
57 154 1
57 156 8
57 158 4
57 160 8
58 60 2
58 62 1
58 63 8
58 66 5
58 67 2
58 74 1
58 75 5
58 78 10
58 81 1
58 82 1
58 85 7
58 86 9
58 89 3
58 90 4
58 93 9
58 95 1
58 96 10
58 98 10
58 99 9
58 101 7
58 104 8
58 105 5
58 110 2
58 111 7
58 124 4
58 126 3
58 128 1
58 136 4
58 139 10
58 140 6
58 142 10
58 145 6
58 147 10
58 148 2
58 149 4
58 151 10
58 153 5
58 155 5
58 156 8
59 65 2
59 66 6
59 67 1
59 70 7
59 71 3
59 72 10
59 77 5
59 80 6
59 83 10
59 84 2
59 87 6
59 97 8
59 102 1
59 103 9
59 109 5
59 110 4
59 111 2
59 117 9
59 122 1
59 123 4
59 129 4
59 134 3
59 135 3
59 136 6
59 139 9
59 140 6
59 142 5
59 143 9
59 145 1
59 146 6
59 148 5
59 149 4
59 152 1
59 155 1
59 157 8
59 158 8
59 160 6
60 63 7
60 64 10
60 70 2
60 71 10
60 73 6
60 75 5
60 78 5
60 80 1
60 82 2
60 85 1
60 86 5
60 88 2
60 89 7
60 92 9
60 96 6
60 98 6
60 99 1
60 104 2
60 105 9
60 106 5
60 109 4
60 110 4
60 111 9
60 114 5
60 115 8
60 118 1
60 119 1
60 120 8
60 124 3
60 126 10
60 127 3
60 130 4
60 137 6
60 139 4
60 140 6
60 144 2
60 145 4
60 146 6
60 149 9
60 150 5
60 152 2
60 154 2
60 156 3
60 157 5
60 160 2
61 65 3
61 69 5
61 70 8
61 72 6
61 73 10
61 75 10
61 76 9
61 84 4
61 86 1
61 88 3
61 89 5
61 95 5
61 98 3
61 99 7
61 101 10
61 104 7
61 106 6
61 107 10
61 108 8
61 116 7
61 118 8
61 120 3
61 121 4
61 122 3
61 124 8
61 127 9
61 131 2
61 138 8
61 140 7
61 144 6
61 148 5
61 150 4
61 151 3
61 153 3
61 155 5
62 63 5
62 66 2
62 73 9
62 74 4
62 78 6
62 79 1
62 81 2
62 89 10
62 90 4
62 91 8
62 93 2
62 94 8
62 95 2
62 104 9
62 108 9
62 110 2
62 113 2
62 115 3
62 116 8
62 117 2
62 118 1
62 122 3
62 125 9
62 126 4
62 127 5
62 128 7
62 134 7
62 135 7
62 136 8
62 140 4
62 144 4
62 145 8
62 147 2
62 148 3
62 154 8
62 157 7
62 159 9
62 160 3
63 68 6
63 69 7
63 73 9
63 75 9
63 79 8
63 83 2
63 84 8
63 85 3
63 89 4
63 90 7
63 94 3
63 96 9
63 102 2
63 108 10
63 111 9
63 113 1
63 115 4
63 116 1
63 118 9
63 121 1
63 124 10
63 126 9
63 127 8
63 128 3
63 129 10
63 133 10
63 138 4
63 139 9
63 141 8
63 142 9
63 143 10
63 144 4
63 147 6
63 148 6
63 151 1
63 154 4
63 157 6
63 158 6
63 159 8
63 160 2
64 68 6
64 70 8
64 72 6
64 73 9
64 76 9
64 78 2
64 80 9
64 82 5
64 83 2
64 86 8
64 92 6
64 95 1
64 98 9
64 103 5
64 109 6
64 111 3
64 117 4
64 118 8
64 120 8
64 122 3
64 123 4
64 124 1
64 126 2
64 128 4
64 131 3
64 133 10
64 134 7
64 138 3
64 139 3
64 140 7
64 143 1
64 147 8
64 150 5
64 151 3
64 153 9
64 157 5
64 158 6
64 159 7
65 68 10
65 73 9
65 76 9
65 77 3
65 79 2
65 81 1
65 89 7
65 96 1
65 97 3
65 99 1
65 101 6
65 109 6
65 110 7
65 112 9
65 114 5
65 115 6
65 116 6
65 119 2
65 123 10
65 124 9
65 129 7
65 130 5
65 131 10
65 134 4
65 137 9
65 138 10
65 140 9
65 141 10
65 142 2
65 149 1
65 152 2
65 153 7
65 156 2
66 68 3
66 69 1
66 70 1
66 72 5
66 75 9
66 77 3
66 78 10
66 79 7
66 81 2
66 87 6
66 92 5
66 93 7
66 98 8
66 99 8
66 100 1
66 102 6
66 103 2
66 104 8
66 105 9
66 106 10
66 108 7
66 110 3
66 115 3
66 119 2
66 120 1
66 121 4
66 124 6
66 126 10
66 129 9
66 130 5
66 132 8
66 135 4
66 138 8
66 143 6
66 145 2
66 146 2
66 150 10
66 152 6
66 153 8
66 156 9
66 158 5
66 159 4
67 68 10
67 69 5
67 72 9
67 73 5
67 76 1
67 78 6
67 79 3
67 84 10
67 85 4
67 86 9
67 87 6
67 89 4
67 90 1
67 91 8
67 97 9
67 101 4
67 104 9
67 105 1
67 106 4
67 108 1
67 109 6
67 110 2
67 111 9
67 112 7
67 118 10
67 119 6
67 120 6
67 125 5
67 126 6
67 127 9
67 129 5
67 130 1
67 131 10
67 136 6
67 139 2
67 141 5
67 142 10
67 143 7
67 145 6
67 146 10
67 148 6
67 150 4
67 154 3
67 155 4
67 156 5
68 69 3
68 70 7
68 73 1
68 74 1
68 75 4
68 77 2
68 79 7
68 81 9
68 86 1
68 87 5
68 88 8
68 91 1
68 93 8
68 94 4
68 95 5
68 96 9
68 97 4
68 102 9
68 103 10
68 109 8
68 111 5
68 117 7
68 118 9
68 119 10
68 120 8
68 122 10
68 123 1
68 126 4
68 130 4
68 131 10
68 134 9
68 138 9
68 142 1
68 145 7
68 146 1
68 148 2
68 149 2
68 151 1
68 155 4
68 157 8
68 160 10
69 71 4
69 72 3
69 74 4
69 78 8
69 84 1
69 85 8
69 87 8
69 90 9
69 93 10
69 94 9
69 95 10
69 104 2
69 106 1
69 110 10
69 112 1
69 116 8
69 120 7
69 121 9
69 126 2
69 128 5
69 129 2
69 140 10
69 141 1
69 142 6
69 143 8
69 144 4
69 149 10
69 154 3
69 155 1
69 158 6
70 72 5
70 73 10
70 76 6
70 82 8
70 83 8
70 84 4
70 90 7
70 91 3
70 93 9
70 96 10
70 97 4
70 105 3
70 108 1
70 110 10
70 113 10
70 114 8
70 116 10
70 121 2
70 122 7
70 123 6
70 126 2
70 127 8
70 128 6
70 129 9
70 130 9
70 131 5
70 132 7
70 139 4
70 144 2
70 146 3
70 147 6
70 152 3
70 154 1
70 159 9
70 160 1
71 77 2
71 78 6
71 80 7
71 82 5
71 84 2
71 88 6
71 92 7
71 93 8
71 94 6
71 96 8
71 98 8
71 102 3
71 111 7
71 113 4
71 114 5
71 116 6
71 117 7
71 120 4
71 121 8
71 122 7
71 125 6
71 127 7
71 129 5
71 130 1
71 131 1
71 133 2
71 134 7
71 135 6
71 136 10
71 141 8
71 142 9
71 147 2
71 150 3
71 153 5
71 154 10
71 157 4
71 158 5
71 159 5
71 160 1
72 74 9
72 75 8
72 77 9
72 78 3
72 80 9
72 82 5
72 84 3
72 85 4
72 87 6
72 91 6
72 94 5
72 95 4
72 99 10
72 101 7
72 104 8
72 106 1
72 107 5
72 109 4
72 110 8
72 114 10
72 118 7
72 121 9
72 122 7
72 123 5
72 124 7
72 126 1
72 128 2
72 129 2
72 131 4
72 132 1
72 136 5
72 137 6
72 140 5
72 142 10
72 143 5
72 144 5
72 146 5
72 155 4
72 159 6
73 75 1
73 77 6
73 79 5
73 82 10
73 83 6
73 86 4
73 91 7
73 93 8
73 94 4
73 95 8
73 96 1
73 99 3
73 102 6
73 104 9
73 106 2
73 112 4
73 113 4
73 114 6
73 117 7
73 125 9
73 126 9
73 128 5
73 133 1
73 134 3
73 135 10
73 137 5
73 140 6
73 142 7
73 144 3
73 146 6
73 149 5
73 150 6
73 154 7
73 155 7
73 156 10
73 157 6
74 77 2
74 78 6
74 86 8
74 88 7
74 89 1
74 92 2
74 93 2
74 94 6
74 103 7
74 109 5
74 112 6
74 119 4
74 123 6
74 131 4
74 136 5
74 138 8
74 139 5
74 141 2
74 144 10
74 145 1
74 146 10
74 147 7
74 149 3
74 155 10
74 157 9
74 160 4
75 80 1
75 81 9
75 84 4
75 85 6
75 86 10
75 89 1
75 96 7
75 97 6
75 99 2
75 101 6
75 103 9
75 108 4
75 109 4
75 110 8
75 112 2
75 116 2
75 119 7
75 120 5
75 123 3
75 124 4
75 132 4
75 133 5
75 135 2
75 137 10
75 138 6
75 141 8
75 142 7
75 143 8
75 144 10
75 145 2
75 147 1
75 156 9
75 158 10
75 159 6
76 80 8
76 82 8
76 89 3
76 91 3
76 92 1
76 94 8
76 95 1
76 96 5
76 97 3
76 98 7
76 102 9
76 113 7
76 114 4
76 117 3
76 118 3
76 119 9
76 121 1
76 125 1
76 127 10
76 130 10
76 132 7
76 135 4
76 136 3
76 137 8
76 138 2
76 143 5
76 145 4
76 146 6
76 148 1
76 149 6
76 154 9
76 159 2
76 160 7
77 78 5
77 80 5
77 85 10
77 90 4
77 91 5
77 93 1
77 97 6
77 103 9
77 106 1
77 109 1
77 110 7
77 111 3
77 112 4
77 120 6
77 121 7
77 122 6
77 123 7
77 127 3
77 128 6
77 130 2
77 131 4
77 132 3
77 136 2
77 140 3
77 142 9
77 145 4
77 146 5
77 147 7
77 149 9
77 154 5
77 158 8
77 160 3
78 79 2
78 80 1
78 83 10
78 84 2
78 85 4
78 87 2
78 88 7
78 89 5
78 94 3
78 95 3
78 97 8
78 98 2
78 99 7
78 100 7
78 102 4
78 105 7
78 108 3
78 110 3
78 112 4
78 116 7
78 118 1
78 122 8
78 123 2
78 126 2
78 127 7
78 128 5
78 132 8
78 140 1
78 144 2
78 146 7
78 148 4
78 149 4
78 152 9
78 154 6
78 155 8
78 157 1
78 158 9
79 81 5
79 85 1
79 87 8
79 89 9
79 90 4
79 93 1
79 96 9
79 99 4
79 101 6
79 104 6
79 106 2
79 108 8
79 110 1
79 115 3
79 116 8
79 122 1
79 123 5
79 124 1
79 128 9
79 134 1
79 138 10
79 141 10
79 142 10
79 144 5
79 146 3
79 147 2
79 148 6
79 149 4
79 151 6
79 154 2
79 155 8
79 157 3
80 82 9
80 85 10
80 90 6
80 93 10
80 97 8
80 98 9
80 100 10
80 101 6
80 103 6
80 104 4
80 106 1
80 110 9
80 114 9
80 116 5
80 117 6
80 118 7
80 119 2
80 122 4
80 126 3
80 127 4
80 129 10
80 131 4
80 133 9
80 134 9
80 136 7
80 140 9
80 143 5
80 146 6
80 147 9
80 148 4
80 149 5
80 152 4
80 154 2
80 155 7
80 156 2
80 158 2
81 85 1
81 87 9
81 89 9
81 90 9
81 93 8
81 94 7
81 96 5
81 100 7
81 102 3
81 106 7
81 107 9
81 108 4
81 110 1
81 111 3
81 112 10
81 115 9
81 116 1
81 117 1
81 121 5
81 123 9
81 124 7
81 125 5
81 126 10
81 130 8
81 136 9
81 142 9
81 143 8
81 144 6
81 145 4
81 148 2
81 151 8
81 154 2
81 155 1
81 157 4
82 86 7
82 89 5
82 90 1
82 95 3
82 99 10
82 102 1
82 103 7
82 110 4
82 111 8
82 112 1
82 114 5
82 115 3
82 118 3
82 120 10
82 122 4
82 128 4
82 130 1
82 142 9
82 143 2
82 147 3
82 150 5
82 151 1
82 156 6
82 159 8
83 89 8
83 91 3
83 92 3
83 96 8
83 102 8
83 103 7
83 105 6
83 109 3
83 110 10
83 115 3
83 116 7
83 118 5
83 119 8
83 122 8
83 123 9
83 124 7
83 133 7
83 144 4
83 146 10
83 155 7
83 159 2
83 160 7
84 86 5
84 88 10
84 89 9
84 91 6
84 93 5
84 96 8
84 99 5
84 101 8
84 102 10
84 105 2
84 106 5
84 107 8
84 112 3
84 114 7
84 119 5
84 121 7
84 122 3
84 123 9
84 124 10
84 125 3
84 126 3
84 128 8
84 130 3
84 131 2
84 132 1
84 133 8
84 134 3
84 135 7
84 141 10
84 142 4
84 144 2
84 145 4
84 148 9
84 149 7
84 150 3
84 152 10
84 153 4
84 156 6
84 157 3
84 159 4
85 87 7
85 89 6
85 92 10
85 95 5
85 96 4
85 99 5
85 100 7
85 104 5
85 105 3
85 107 7
85 111 8
85 112 3
85 113 2
85 115 6
85 117 10
85 119 1
85 122 2
85 123 9
85 126 7
85 127 4
85 128 8
85 129 3
85 130 6
85 131 3
85 135 9
85 142 9
85 148 8
85 149 3
85 150 1
85 151 5
85 152 7
85 155 3
85 156 1
85 160 6
86 88 9
86 89 4
86 92 3
86 94 6
86 96 6
86 97 4
86 98 10
86 106 5
86 108 1
86 109 2
86 112 8
86 113 8
86 120 3
86 123 1
86 125 6
86 127 8
86 130 7
86 134 5
86 135 9
86 136 9
86 137 10
86 140 5
86 143 8
86 144 8
86 145 5
86 146 9
86 148 4
86 150 3
86 152 2
86 155 3
86 157 8
86 159 3
87 90 6
87 91 6
87 94 2
87 97 3
87 101 5
87 103 5
87 104 5
87 105 7
87 106 9
87 109 10
87 110 7
87 111 7
87 114 4
87 116 2
87 119 9
87 122 2
87 124 7
87 125 5
87 129 3
87 131 9
87 132 8
87 133 8
87 134 8
87 140 7
87 145 5
87 155 2
87 159 7
88 90 3
88 91 4
88 92 4
88 99 10
88 100 4
88 106 8
88 107 4
88 108 6
88 110 4
88 112 6
88 113 4
88 116 8
88 117 3
88 122 8
88 125 1
88 136 7
88 137 4
88 139 6
88 142 2
88 144 10
88 147 7
88 152 8
88 154 3
88 156 9
88 157 8
88 158 6
89 94 1
89 99 3
89 106 8
89 108 8
89 109 5
89 110 9
89 113 8
89 114 1
89 121 5
89 122 5
89 125 2
89 126 3
89 127 10
89 128 4
89 133 1
89 139 1
89 141 5
89 142 9
89 143 5
89 145 1
89 146 4
89 147 9
89 149 9
89 150 2
89 153 10
89 155 1
89 158 3
90 91 6
90 95 1
90 98 2
90 104 5
90 105 7
90 110 10
90 112 7
90 118 9
90 119 9
90 120 7
90 121 9
90 123 4
90 126 3
90 127 5
90 130 6
90 137 8
90 139 6
90 142 3
90 143 9
90 145 3
90 146 10
90 149 5
90 150 8
90 157 3
90 159 6
91 94 5
91 95 9
91 101 10
91 102 5
91 103 8
91 105 1
91 107 10
91 110 9
91 114 2
91 117 7
91 124 10
91 126 7
91 127 2
91 128 10
91 129 4
91 131 3
91 133 8
91 134 10
91 136 3
91 138 1
91 140 9
91 141 4
91 144 6
91 148 4
91 153 6
91 155 3
91 156 3
92 93 6
92 94 7
92 96 1
92 97 1
92 101 3
92 102 3
92 103 5
92 105 1
92 110 6
92 112 2
92 113 6
92 115 8
92 119 6
92 122 2
92 124 1
92 125 9
92 126 3
92 127 3
92 130 7
92 131 7
92 132 5
92 133 10
92 135 4
92 138 5
92 140 10
92 142 2
92 144 9
92 147 7
92 148 1
92 149 8
92 152 10
92 153 1
92 156 2
92 158 2
93 98 9
93 100 10
93 104 5
93 106 6
93 107 4
93 112 7
93 116 9
93 118 8
93 119 4
93 120 9
93 123 10
93 124 7
93 125 5
93 126 3
93 127 10
93 128 7
93 133 1
93 134 5
93 135 5
93 137 6
93 141 10
93 142 10
93 144 3
93 146 5
93 147 7
93 149 3
93 152 5
93 153 6
93 157 7
94 96 8
94 97 9
94 100 6
94 105 5
94 108 3
94 114 5
94 115 1
94 116 7
94 119 1
94 121 9
94 122 9
94 123 5
94 125 3
94 130 5
94 135 1
94 139 8
94 140 2
94 141 8
94 142 10
94 143 2
94 146 6
94 151 1
94 153 9
94 155 2
94 158 7
95 100 9
95 101 9
95 102 6
95 105 4
95 107 2
95 109 6
95 111 10
95 114 5
95 117 9
95 119 7
95 120 7
95 122 8
95 128 5
95 134 9
95 137 3
95 138 4
95 141 2
95 147 5
95 149 2
95 153 6
95 155 7
95 159 3
95 160 1
96 99 10
96 100 10
96 103 4
96 106 8
96 108 10
96 115 8
96 116 10
96 118 6
96 122 6
96 123 9
96 125 4
96 128 6
96 129 1
96 130 7
96 131 6
96 132 1
96 134 10
96 135 10
96 137 3
96 138 8
96 147 2
96 151 10
96 152 9
96 155 3
96 159 4
97 98 8
97 102 7
97 106 10
97 108 9
97 109 4
97 111 8
97 112 3
97 114 1
97 115 3
97 117 5
97 119 6
97 125 5
97 126 3
97 129 3
97 130 8
97 131 5
97 132 1
97 135 10
97 136 2
97 140 7
97 141 9
97 146 10
97 149 10
97 152 7
97 155 10
97 157 6
98 100 2
98 101 3
98 108 6
98 112 6
98 116 3
98 122 3
98 126 1
98 128 9
98 133 3
98 134 10
98 136 3
98 138 8
98 140 9
98 145 7
98 146 9
98 147 6
98 150 3
98 157 10
98 158 4
98 159 7
98 160 4
99 100 2
99 101 8
99 103 1
99 106 4
99 107 3
99 108 9
99 110 9
99 113 2
99 116 10
99 120 6
99 122 5
99 124 8
99 126 6
99 129 3
99 130 9
99 131 1
99 132 4
99 133 1
99 134 1
99 135 4
99 136 3
99 137 9
99 139 3
99 140 8
99 141 4
99 142 9
99 146 9
99 147 6
99 150 3
99 153 7
99 154 3
99 155 3
99 156 10
99 159 1
100 102 4
100 103 9
100 104 3
100 109 10
100 114 8
100 116 2
100 117 1
100 119 8
100 122 2
100 123 4
100 125 6
100 134 1
100 141 2
100 142 5
100 146 2
100 148 5
100 149 1
100 152 7
100 156 3
100 159 5
100 160 2
101 104 10
101 106 10
101 107 3
101 112 6
101 113 1
101 116 2
101 119 9
101 120 1
101 122 1
101 126 3
101 127 1
101 131 5
101 132 8
101 134 8
101 139 9
101 140 8
101 148 7
101 149 2
101 150 2
101 154 7
101 158 1
101 160 3
102 103 7
102 105 10
102 108 7
102 109 1
102 112 5
102 114 3
102 116 7
102 117 4
102 120 3
102 124 6
102 126 2
102 128 6
102 129 4
102 133 5
102 134 4
102 137 2
102 138 8
102 139 10
102 142 10
102 143 6
102 153 5
102 156 8
102 157 1
102 159 3
102 160 3
103 104 9
103 105 10
103 109 9
103 110 1
103 111 6
103 116 2
103 118 6
103 120 4
103 121 6
103 123 9
103 125 8
103 127 8
103 129 10
103 131 9
103 134 10
103 136 6
103 138 6
103 140 1
103 141 4
103 142 8
103 149 6
103 151 6
103 152 6
103 156 3
103 158 3
104 105 7
104 106 9
104 114 9
104 117 9
104 121 2
104 127 2
104 129 10
104 135 3
104 140 6
104 142 9
104 143 4
104 144 8
104 150 5
104 153 10
104 154 8
104 155 6
104 157 9
104 160 2
105 106 1
105 107 6
105 108 10
105 109 9
105 110 10
105 111 5
105 113 8
105 114 7
105 122 5
105 123 8
105 127 3
105 128 10
105 130 9
105 132 1
105 136 9
105 138 6
105 141 4
105 150 1
105 151 6
105 152 4
105 153 8
105 154 6
105 156 2
105 158 9
106 107 7
106 111 3
106 114 9
106 116 6
106 117 5
106 118 4
106 120 9
106 123 6
106 128 4
106 129 8
106 131 10
106 132 10
106 139 3
106 143 10
106 144 6
106 145 3
106 148 8
106 149 5
106 151 7
106 157 8
106 160 7
107 108 7
107 111 9
107 115 9
107 119 10
107 121 8
107 122 4
107 129 5
107 131 10
107 133 4
107 134 2
107 135 6
107 136 2
107 141 1
107 145 1
107 150 8
107 151 2
107 153 4
107 158 7
108 109 5
108 110 6
108 118 4
108 119 1
108 121 8
108 123 7
108 126 2
108 129 1
108 131 8
108 132 7
108 133 8
108 139 4
108 140 3
108 143 4
108 144 7
108 147 3
108 148 2
108 154 8
108 155 5
108 157 2
108 160 8
109 111 1
109 112 3
109 114 1
109 115 7
109 120 5
109 122 8
109 125 9
109 136 5
109 137 7
109 146 9
109 147 5
109 150 9
109 154 7
109 157 10
109 159 1
109 160 4
110 111 8
110 116 3
110 121 6
110 125 3
110 126 5
110 127 3
110 129 3
110 130 3
110 131 3
110 135 1
110 136 10
110 137 9
110 138 1
110 140 5
110 142 5
110 143 4
110 145 4
110 146 2
110 147 2
110 149 8
110 151 5
110 155 6
110 157 8
110 160 9
111 112 1
111 113 9
111 124 10
111 131 2
111 132 5
111 133 3
111 134 1
111 135 3
111 143 7
111 144 2
111 145 6
111 150 8
111 153 6
111 156 7
112 114 10
112 118 10
112 121 7
112 123 9
112 128 5
112 134 5
112 137 2
112 139 5
112 140 3
112 141 5
112 142 9
112 144 8
112 145 3
112 146 1
112 148 10
112 158 4
112 159 3
113 116 4
113 118 8
113 123 9
113 124 1
113 126 1
113 127 7
113 132 4
113 134 6
113 142 1
113 143 7
113 145 4
113 146 10
113 147 6
113 151 5
113 156 4
113 158 5
113 160 3
114 118 7
114 120 4
114 121 1
114 122 4
114 123 7
114 128 5
114 129 1
114 130 4
114 134 9
114 135 3
114 136 5
114 139 6
114 143 6
114 145 2
114 146 4
114 148 4
114 150 2
114 152 2
114 154 7
114 155 8
114 157 4
114 160 10
115 116 8
115 117 4
115 122 7
115 125 1
115 128 4
115 129 1
115 131 10
115 133 5
115 134 10
115 135 3
115 136 1
115 137 9
115 138 7
115 139 5
115 140 4
115 144 3
115 146 3
115 155 3
115 157 8
116 117 1
116 119 9
116 123 1
116 133 1
116 136 5
116 143 10
116 148 6
116 149 1
116 150 7
116 151 6
116 153 9
116 154 5
116 155 3
116 159 6
117 119 3
117 120 9
117 124 10
117 126 9
117 129 6
117 132 1
117 133 8
117 137 7
117 139 4
117 140 5
117 142 6
117 144 9
117 145 6
117 146 1
117 149 1
117 150 8
117 151 9
117 152 2
117 153 1
117 155 2
117 157 2
117 159 1
117 160 4
118 119 3
118 122 7
118 125 1
118 127 1
118 128 8
118 131 7
118 138 6
118 139 3
118 141 10
118 146 2
118 147 9
118 149 9
118 152 1
118 153 5
118 159 10
118 160 8
119 122 5
119 123 3
119 127 1
119 129 1
119 131 4
119 134 9
119 135 6
119 139 7
119 141 2
119 142 8
119 143 3
119 144 3
119 145 5
119 146 9
119 148 8
119 149 5
119 153 9
119 160 10
120 121 2
120 123 5
120 126 7
120 131 1
120 136 2
120 138 5
120 140 2
120 145 2
120 148 7
120 153 7
120 154 3
120 155 10
120 156 5
120 158 7
121 123 10
121 126 4
121 128 4
121 129 9
121 131 10
121 134 2
121 138 7
121 139 5
121 140 5
121 142 10
121 146 8
121 147 2
121 160 5
122 123 5
122 124 1
122 125 9
122 127 4
122 128 9
122 132 9
122 133 3
122 134 9
122 135 5
122 137 6
122 140 10
122 145 8
122 152 6
122 154 9
122 155 10
122 157 7
122 159 6
123 124 1
123 125 1
123 131 5
123 134 4
123 136 1
123 139 9
123 140 7
123 141 10
123 145 2
123 146 5
123 147 1
123 150 1
123 152 5
123 157 2
124 126 10
124 127 2
124 128 2
124 136 7
124 137 10
124 142 3
124 143 6
124 146 9
124 147 5
124 148 9
124 150 2
124 151 2
124 152 6
124 154 5
124 155 2
124 157 6
124 158 2
124 159 9
125 126 10
125 127 4
125 133 2
125 135 8
125 142 6
125 145 2
125 146 10
125 147 5
125 148 7
125 151 8
125 152 1
125 153 8
125 157 2
125 158 10
126 130 10
126 131 6
126 135 5
126 138 4
126 139 7
126 142 9
126 144 1
126 145 8
126 146 4
126 147 4
126 149 7
126 155 2
126 160 9
127 132 7
127 136 5
127 137 8
127 138 10
127 139 9
127 140 1
127 141 8
127 143 6
127 145 8
127 146 7
127 147 8
127 149 4
127 150 7
127 151 7
127 152 6
127 154 8
127 157 8
127 160 1
128 136 1
128 138 7
128 139 5
128 140 9
128 142 3
128 148 10
128 149 4
128 150 3
128 151 3
128 152 8
128 156 9
128 158 1
129 130 8
129 134 6
129 135 8
129 137 10
129 138 5
129 142 7
129 145 2
129 146 2
129 149 1
129 151 10
129 153 10
129 155 2
129 157 4
129 159 1
129 160 6
130 133 5
130 136 1
130 138 10
130 139 1
130 140 9
130 142 5
130 144 1
130 146 1
130 148 9
130 151 3
130 152 9
130 157 2
130 158 9
131 132 8
131 134 5
131 136 10
131 137 5
131 138 9
131 143 5
131 146 6
131 149 9
131 151 10
131 153 9
131 154 8
131 155 6
131 160 9
132 134 1
132 136 9
132 138 8
132 139 7
132 140 10
132 147 2
132 148 1
132 153 8
132 158 2
132 159 9
133 139 7
133 140 3
133 146 2
133 150 1
133 151 3
133 153 8
133 156 1
134 135 8
134 136 3
134 141 7
134 144 4
134 145 7
134 146 10
134 151 2
134 152 5
134 153 9
134 155 4
134 156 7
134 159 1
134 160 9
135 137 3
135 142 4
135 146 4
135 147 1
135 151 4
135 154 4
135 155 8
135 157 2
136 138 6
136 139 7
136 140 6
136 141 9
136 143 7
136 144 1
136 150 6
136 151 6
136 155 8
136 156 1
136 160 5
137 140 1
137 144 5
137 145 5
137 149 3
137 153 9
137 154 2
137 155 9
137 156 9
138 139 8
138 142 8
138 143 2
138 145 8
138 147 10
138 148 3
138 155 5
138 157 2
138 158 9
138 159 8
138 160 10
139 140 3
139 142 10
139 144 9
139 147 5
139 150 1
139 152 1
139 155 2
139 157 4
140 142 6
140 144 5
140 146 4
140 151 4
140 152 7
140 154 3
140 155 8
140 156 9
140 158 5
141 147 3
141 150 2
141 155 3
141 159 9
142 143 7
142 145 4
142 147 1
142 148 4
142 149 7
142 151 8
142 152 6
142 153 6
142 156 10
142 160 6
143 145 9
143 157 8
143 159 7
144 148 4
144 149 3
144 150 2
144 156 3
144 157 5
144 158 2
144 160 5
145 146 4
145 149 2
145 150 7
145 152 9
145 153 3
145 154 6
145 156 5
145 157 9
145 159 8
146 154 7
146 155 6
146 156 8
146 158 1
146 159 4
147 148 10
147 152 3
147 154 2
147 155 7
147 156 8
147 157 1
147 159 8
147 160 10
148 149 2
148 152 1
148 158 6
149 150 5
149 151 6
149 154 7
149 155 10
149 156 7
149 160 3
150 151 8
150 154 10
150 159 9
151 159 1
152 158 4
153 154 8
153 155 4
153 157 1
153 158 2
153 159 7
154 157 6
155 157 10
155 158 9
156 157 6
156 159 2
156 160 2
157 159 5
158 159 8
