8590
1 2 6
1 4 10
1 5 9
1 7 5
1 13 5
1 14 6
1 15 7
1 22 10
1 32 6
1 33 10
1 34 4
1 35 3
1 36 6
1 38 2
1 41 1
1 45 9
1 48 8
1 52 9
1 55 7
1 56 1
1 57 9
1 64 6
1 67 5
1 68 1
1 69 6
1 70 8
1 72 3
1 74 8
1 75 5
1 77 6
1 79 3
1 80 4
1 81 2
1 82 5
1 84 1
1 88 3
1 89 7
1 92 1
1 94 3
1 96 7
1 97 8
1 98 4
1 101 7
1 102 5
1 103 2
1 105 8
1 109 9
1 117 9
1 118 2
1 124 7
1 129 2
1 132 10
1 134 3
1 135 10
1 139 9
1 141 2
1 142 1
1 144 3
1 149 4
1 150 2
1 152 7
1 153 3
1 154 10
1 161 9
1 165 4
1 166 10
1 174 6
1 175 2
1 177 6
1 178 8
1 179 10
1 181 8
1 182 1
1 183 10
1 185 2
1 186 4
1 187 5
1 188 1
1 192 7
1 193 2
1 196 1
1 199 3
1 200 10
1 201 3
1 206 10
1 208 5
1 210 5
2 3 10
2 5 4
2 8 8
2 15 1
2 16 8
2 18 7
2 19 6
2 23 9
2 24 9
2 29 5
2 31 3
2 35 7
2 39 10
2 40 5
2 42 9
2 43 8
2 46 9
2 50 9
2 52 4
2 60 1
2 65 10
2 66 4
2 68 6
2 70 10
2 75 1
2 76 9
2 79 4
2 82 3
2 83 7
2 84 8
2 85 6
2 87 6
2 88 8
2 92 3
2 96 7
2 101 7
2 103 8
2 104 5
2 112 4
2 113 6
2 117 9
2 121 3
2 130 9
2 131 8
2 136 4
2 137 8
2 138 2
2 139 4
2 140 9
2 141 3
2 148 6
2 149 2
2 150 2
2 151 4
2 153 1
2 160 4
2 161 9
2 162 1
2 163 4
2 166 2
2 167 9
2 169 5
2 171 4
2 175 4
2 181 9
2 183 2
2 185 9
2 189 2
2 194 3
2 196 3
2 200 3
2 202 5
2 206 6
2 208 5
2 209 5
2 210 8
3 5 6
3 7 2
3 9 5
3 11 6
3 12 8
3 13 1
3 15 6
3 19 3
3 20 3
3 21 6
3 22 10
3 28 7
3 30 5
3 32 7
3 34 10
3 37 7
3 39 3
3 41 1
3 43 8
3 45 3
3 48 9
3 50 7
3 51 9
3 53 4
3 54 8
3 55 7
3 57 4
3 60 7
3 61 5
3 62 7
3 64 7
3 65 2
3 67 7
3 68 9
3 72 10
3 74 5
3 75 7
3 76 9
3 80 8
3 83 3
3 86 6
3 91 6
3 92 10
3 94 10
3 96 4
3 100 2
3 104 4
3 106 1
3 109 8
3 113 6
3 124 8
3 130 2
3 132 7
3 137 4
3 138 6
3 139 5
3 140 1
3 146 2
3 152 6
3 153 10
3 154 7
3 155 10
3 160 9
3 161 5
3 165 9
3 168 7
3 170 10
3 171 3
3 175 4
3 178 9
3 181 2
3 187 4
3 188 1
3 191 3
3 192 8
3 194 6
3 198 2
3 199 2
3 201 8
3 203 3
3 206 8
3 207 8
3 209 8
3 210 1
4 6 10
4 7 2
4 10 2
4 11 10
4 13 5
4 15 8
4 17 5
4 18 3
4 20 2
4 21 2
4 22 8
4 23 7
4 27 10
4 32 5
4 37 5
4 38 1
4 44 10
4 49 7
4 51 8
4 53 6
4 55 5
4 56 8
4 58 9
4 59 9
4 60 7
4 61 9
4 64 5
4 70 3
4 72 7
4 74 4
4 76 5
4 78 3
4 79 9
4 80 9
4 88 2
4 92 5
4 93 5
4 96 2
4 97 9
4 98 7
4 100 7
4 101 2
4 102 2
4 103 8
4 105 8
4 106 2
4 107 10
4 110 3
4 117 5
4 120 8
4 121 10
4 122 9
4 128 5
4 129 9
4 133 6
4 136 7
4 142 1
4 145 8
4 146 10
4 147 8
4 152 9
4 153 1
4 155 2
4 160 10
4 162 2
4 164 4
4 168 9
4 169 10
4 171 3
4 172 10
4 173 8
4 175 2
4 176 5
4 178 8
4 179 3
4 183 1
4 191 7
4 193 4
4 194 4
4 195 4
4 197 6
4 199 6
4 200 9
4 201 8
4 202 6
4 205 8
4 206 1
5 6 2
5 7 7
5 19 10
5 26 4
5 27 1
5 31 8
5 33 2
5 34 3
5 36 8
5 38 8
5 39 1
5 40 9
5 44 3
5 49 9
5 51 2
5 52 1
5 54 1
5 57 9
5 58 5
5 60 8
5 62 2
5 63 2
5 65 4
5 66 1
5 67 8
5 73 4
5 76 3
5 81 10
5 82 5
5 87 3
5 88 8
5 90 7
5 91 3
5 93 5
5 98 10
5 99 6
5 100 4
5 103 6
5 104 9
5 110 2
5 115 8
5 118 7
5 120 10
5 122 9
5 126 4
5 133 8
5 136 4
5 141 7
5 149 2
5 151 3
5 154 10
5 156 6
5 157 3
5 158 2
5 160 4
5 161 7
5 164 1
5 167 9
5 172 1
5 173 4
5 174 9
5 179 7
5 181 7
5 191 1
5 192 7
5 193 2
5 197 6
5 205 2
5 209 4
5 210 5
6 8 8
6 13 6
6 19 2
6 21 3
6 25 1
6 26 9
6 27 6
6 29 5
6 31 1
6 32 3
6 36 9
6 37 9
6 39 3
6 42 4
6 45 5
6 48 5
6 51 4
6 52 9
6 57 7
6 58 8
6 62 1
6 66 8
6 67 3
6 69 1
6 70 1
6 71 9
6 74 10
6 75 2
6 76 7
6 77 10
6 79 3
6 82 4
6 83 3
6 85 9
6 86 6
6 89 4
6 92 8
6 96 6
6 97 7
6 98 5
6 100 7
6 102 8
6 103 2
6 104 6
6 105 6
6 106 4
6 107 5
6 108 10
6 109 7
6 112 4
6 116 5
6 117 8
6 119 2
6 123 4
6 130 9
6 132 5
6 133 7
6 135 4
6 137 8
6 140 6
6 141 3
6 143 5
6 145 1
6 146 9
6 152 7
6 156 8
6 159 5
6 161 6
6 165 1
6 167 8
6 168 10
6 169 1
6 171 4
6 173 4
6 176 5
6 178 5
6 179 6
6 180 7
6 186 7
6 187 2
6 193 6
6 195 9
6 202 10
6 205 5
6 207 9
7 9 4
7 10 7
7 12 7
7 14 10
7 17 6
7 18 7
7 23 6
7 24 3
7 26 5
7 31 7
7 32 1
7 33 1
7 35 1
7 38 4
7 39 10
7 43 6
7 44 5
7 45 6
7 46 1
7 49 10
7 51 9
7 52 10
7 54 6
7 56 9
7 60 6
7 61 9
7 63 7
7 66 5
7 68 2
7 69 9
7 74 8
7 77 2
7 78 3
7 80 3
7 81 2
7 83 3
7 87 6
7 89 4
7 92 1
7 94 10
7 95 5
7 96 1
7 97 1
7 102 7
7 103 7
7 104 2
7 106 3
7 107 9
7 108 4
7 109 6
7 111 2
7 113 10
7 115 2
7 117 10
7 118 7
7 119 10
7 123 5
7 127 9
7 130 3
7 131 6
7 133 5
7 135 4
7 139 2
7 141 4
7 142 8
7 143 5
7 149 3
7 153 9
7 155 7
7 156 5
7 157 7
7 158 10
7 160 5
7 163 4
7 164 1
7 166 3
7 168 2
7 169 4
7 172 9
7 173 7
7 175 8
7 177 7
7 178 1
7 179 2
7 181 2
7 183 7
7 185 8
7 187 4
7 190 5
7 191 3
7 197 5
7 199 3
7 200 6
7 203 3
7 208 5
7 210 7
8 10 4
8 15 2
8 16 4
8 22 5
8 23 5
8 24 4
8 28 4
8 30 4
8 31 6
8 35 3
8 36 6
8 40 4
8 41 8
8 43 3
8 44 8
8 48 10
8 50 3
8 54 2
8 56 7
8 57 5
8 58 6
8 59 9
8 61 5
8 62 10
8 66 2
8 67 2
8 68 10
8 69 7
8 70 3
8 73 3
8 74 8
8 75 1
8 77 9
8 80 7
8 83 9
8 86 6
8 90 5
8 92 6
8 95 6
8 96 10
8 98 8
8 102 7
8 103 10
8 105 8
8 106 5
8 110 10
8 115 5
8 122 1
8 125 10
8 127 8
8 129 6
8 133 5
8 134 9
8 140 8
8 144 10
8 147 5
8 152 10
8 153 5
8 157 8
8 160 9
8 161 7
8 162 8
8 163 8
8 165 3
8 168 10
8 174 9
8 175 3
8 189 3
8 190 2
8 191 2
8 193 2
8 194 2
8 200 6
8 202 5
8 203 9
8 204 10
8 206 2
8 207 1
8 208 1
9 10 4
9 11 3
9 12 6
9 22 6
9 23 1
9 25 4
9 27 6
9 28 8
9 31 4
9 32 7
9 35 3
9 38 2
9 39 2
9 43 1
9 44 5
9 46 2
9 48 9
9 50 8
9 51 1
9 53 7
9 55 10
9 56 3
9 58 5
9 59 4
9 61 2
9 62 8
9 63 7
9 65 4
9 70 9
9 73 10
9 74 9
9 80 7
9 81 3
9 85 3
9 87 1
9 90 4
9 92 5
9 94 10
9 97 2
9 98 9
9 101 5
9 102 6
9 107 4
9 108 8
9 111 1
9 113 7
9 116 4
9 122 8
9 124 6
9 126 1
9 127 5
9 131 7
9 132 9
9 138 9
9 140 2
9 142 10
9 144 2
9 145 9
9 146 5
9 147 6
9 150 4
9 151 4
9 152 2
9 154 5
9 155 9
9 156 9
9 158 10
9 160 6
9 162 10
9 163 8
9 165 4
9 169 1
9 171 1
9 172 8
9 174 5
9 176 9
9 177 7
9 179 4
9 181 2
9 182 7
9 183 3
9 194 2
9 208 9
9 209 5
10 11 7
10 18 6
10 20 5
10 22 6
10 24 7
10 25 9
10 29 2
10 31 9
10 34 7
10 38 1
10 40 6
10 45 1
10 47 3
10 48 6
10 54 6
10 55 10
10 57 4
10 60 2
10 61 1
10 63 4
10 64 9
10 65 4
10 71 8
10 72 7
10 74 7
10 76 7
10 78 9
10 79 1
10 80 2
10 81 10
10 82 1
10 85 1
10 86 2
10 89 3
10 91 2
10 93 10
10 94 4
10 98 5
10 99 9
10 100 3
10 104 5
10 105 9
10 109 7
10 110 10
10 117 3
10 119 6
10 122 9
10 124 10
10 130 8
10 134 10
10 136 6
10 138 9
10 139 6
10 144 6
10 146 8
10 147 1
10 148 1
10 153 2
10 157 9
10 158 5
10 159 4
10 162 3
10 164 4
10 166 9
10 167 4
10 168 10
10 171 10
10 172 7
10 180 4
10 181 7
10 183 4
10 188 3
10 189 2
10 190 2
10 198 8
10 199 3
10 203 4
10 205 2
11 12 2
11 18 8
11 21 6
11 24 6
11 25 6
11 26 2
11 28 1
11 30 10
11 31 10
11 32 4
11 38 7
11 43 9
11 44 7
11 46 2
11 51 8
11 52 3
11 53 10
11 54 10
11 57 9
11 60 10
11 62 7
11 67 9
11 70 3
11 71 3
11 74 6
11 76 7
11 83 3
11 84 3
11 86 6
11 89 6
11 90 8
11 91 3
11 92 9
11 93 5
11 96 10
11 98 1
11 101 3
11 104 9
11 108 7
11 109 1
11 110 6
11 111 1
11 113 3
11 114 9
11 115 10
11 117 6
11 119 8
11 120 7
11 122 5
11 123 7
11 127 1
11 130 10
11 134 5
11 142 10
11 145 1
11 149 3
11 151 4
11 152 5
11 154 3
11 155 4
11 156 9
11 158 4
11 169 7
11 170 4
11 171 5
11 174 1
11 175 5
11 179 8
11 180 1
11 183 1
11 185 5
11 189 2
11 191 9
11 199 2
11 200 7
11 204 7
11 206 5
11 207 10
11 208 3
12 13 4
12 15 7
12 18 3
12 20 6
12 22 6
12 23 7
12 24 5
12 25 6
12 30 7
12 35 8
12 37 4
12 38 6
12 42 4
12 43 1
12 44 5
12 45 5
12 46 5
12 47 4
12 49 8
12 52 3
12 54 8
12 56 4
12 57 5
12 60 10
12 61 5
12 65 10
12 69 9
12 70 7
12 74 2
12 75 6
12 77 2
12 81 8
12 84 3
12 85 8
12 86 4
12 92 6
12 93 10
12 95 1
12 97 10
12 98 9
12 103 2
12 104 9
12 106 1
12 111 3
12 112 7
12 114 6
12 116 1
12 122 8
12 124 9
12 125 5
12 130 9
12 132 1
12 133 10
12 136 4
12 139 10
12 140 1
12 141 6
12 142 7
12 146 7
12 149 7
12 151 8
12 154 6
12 158 8
12 161 9
12 163 2
12 166 6
12 169 6
12 171 2
12 172 8
12 177 8
12 178 8
12 179 10
12 180 6
12 181 3
12 183 2
12 185 10
12 186 9
12 187 2
12 188 6
12 189 5
12 195 6
12 196 2
12 202 1
12 204 10
12 205 3
12 207 9
13 15 5
13 16 1
13 17 8
13 20 5
13 23 7
13 26 4
13 28 5
13 30 3
13 35 10
13 36 10
13 37 3
13 38 8
13 40 5
13 43 10
13 44 7
13 45 5
13 46 2
13 48 1
13 50 5
13 52 4
13 56 7
13 57 1
13 58 5
13 69 5
13 72 10
13 77 7
13 78 2
13 85 10
13 87 2
13 89 4
13 91 10
13 92 5
13 96 4
13 99 1
13 102 10
13 104 3
13 105 6
13 106 3
13 111 4
13 112 9
13 118 10
13 119 1
13 121 6
13 124 5
13 126 7
13 129 3
13 130 2
13 131 9
13 132 2
13 135 2
13 136 4
13 138 3
13 139 7
13 142 9
13 143 6
13 147 7
13 149 2
13 151 4
13 168 1
13 169 2
13 172 9
13 174 3
13 176 4
13 183 3
13 185 4
13 190 1
13 193 3
13 197 7
13 201 10
13 203 1
13 205 2
13 206 9
13 208 10
13 209 3
14 16 5
14 20 2
14 21 7
14 27 4
14 29 4
14 33 7
14 34 6
14 36 5
14 38 9
14 39 6
14 40 9
14 41 9
14 42 2
14 44 3
14 46 7
14 51 9
14 52 5
14 54 4
14 55 4
14 61 1
14 63 6
14 64 10
14 65 4
14 72 1
14 73 8
14 74 4
14 75 5
14 77 6
14 78 10
14 79 4
14 80 8
14 81 7
14 85 4
14 86 9
14 87 3
14 92 2
14 96 6
14 99 4
14 102 10
14 107 3
14 109 5
14 110 2
14 111 5
14 112 2
14 113 3
14 119 3
14 120 9
14 122 9
14 125 5
14 127 2
14 131 6
14 138 10
14 139 1
14 142 8
14 143 5
14 145 10
14 147 9
14 148 10
14 153 5
14 154 2
14 161 7
14 165 1
14 171 4
14 174 3
14 175 6
14 177 7
14 181 4
14 185 6
14 191 4
14 192 2
14 194 1
14 196 10
14 198 3
14 200 7
14 203 7
14 205 2
14 210 4
15 16 4
15 18 3
15 20 8
15 21 8
15 22 8
15 26 8
15 33 9
15 35 4
15 36 9
15 37 6
15 39 1
15 41 8
15 46 9
15 54 4
15 57 8
15 58 7
15 68 10
15 71 8
15 75 1
15 76 1
15 77 6
15 81 10
15 83 3
15 87 4
15 90 9
15 93 7
15 94 1
15 97 4
15 104 5
15 114 4
15 115 6
15 119 6
15 120 1
15 122 6
15 123 4
15 125 9
15 126 1
15 134 6
15 136 8
15 137 4
15 138 7
15 139 9
15 141 4
15 143 10
15 145 8
15 147 6
15 150 1
15 152 5
15 157 7
15 161 3
15 168 4
15 171 5
15 173 4
15 175 1
15 176 8
15 177 4
15 180 10
15 181 7
15 183 2
15 184 9
15 187 3
15 188 9
15 190 6
15 192 3
15 196 3
15 197 2
15 203 3
15 204 1
15 206 9
15 207 9
15 210 1
16 19 5
16 21 10
16 24 8
16 28 3
16 38 8
16 39 1
16 40 9
16 47 6
16 50 7
16 55 10
16 63 8
16 64 9
16 66 3
16 69 10
16 70 7
16 73 3
16 75 1
16 81 1
16 82 10
16 83 1
16 84 7
16 85 2
16 86 10
16 87 4
16 88 6
16 98 8
16 100 10
16 102 1
16 108 10
16 109 1
16 112 5
16 115 3
16 116 5
16 120 7
16 127 7
16 129 7
16 130 8
16 134 4
16 135 9
16 136 10
16 138 2
16 140 6
16 141 10
16 148 3
16 150 7
16 152 8
16 159 7
16 160 8
16 164 5
16 167 10
16 171 9
16 172 3
16 177 5
16 181 5
16 182 3
16 183 3
16 185 9
16 187 5
16 190 7
16 192 1
16 199 7
16 205 10
16 206 7
16 208 7
16 210 7
17 21 8
17 24 4
17 25 2
17 29 9
17 31 7
17 32 8
17 35 7
17 37 4
17 38 1
17 39 8
17 41 9
17 42 7
17 44 6
17 46 4
17 47 3
17 48 7
17 55 1
17 64 3
17 66 6
17 69 10
17 73 4
17 83 5
17 90 6
17 91 1
17 93 5
17 95 5
17 99 4
17 100 9
17 102 1
17 104 4
17 105 8
17 107 9
17 109 8
17 111 1
17 117 9
17 119 6
17 121 2
17 122 7
17 123 6
17 124 4
17 126 2
17 127 3
17 129 7
17 131 1
17 132 2
17 133 4
17 137 6
17 138 9
17 139 4
17 140 10
17 141 8
17 146 2
17 148 4
17 149 1
17 151 7
17 159 2
17 161 1
17 164 9
17 167 1
17 169 3
17 170 9
17 173 10
17 177 5
17 180 3
17 181 2
17 182 4
17 183 7
17 184 1
17 189 9
17 190 8
17 195 5
17 196 3
17 199 7
17 201 3
17 203 7
17 204 1
17 205 7
17 207 10
17 208 4
17 210 4
18 19 4
18 20 4
18 22 4
18 23 2
18 24 9
18 26 5
18 37 5
18 38 10
18 39 6
18 45 5
18 48 3
18 51 7
18 52 6
18 53 1
18 54 4
18 57 3
18 63 3
18 64 10
18 66 1
18 69 2
18 70 9
18 71 1
18 79 5
18 81 7
18 84 9
18 85 6
18 87 1
18 88 2
18 89 2
18 90 4
18 95 3
18 96 5
18 97 1
18 102 1
18 112 9
18 114 2
18 118 4
18 120 10
18 121 7
18 123 9
18 129 9
18 132 6
18 133 9
18 136 8
18 137 3
18 141 1
18 142 9
18 143 9
18 147 1
18 149 3
18 151 8
18 157 9
18 164 9
18 165 3
18 168 3
18 171 2
18 173 5
18 174 6
18 175 6
18 178 6
18 185 5
18 188 8
18 193 3
18 195 1
18 203 5
18 208 3
18 210 1
19 20 10
19 25 1
19 26 4
19 30 7
19 31 2
19 33 9
19 34 10
19 36 4
19 43 2
19 45 9
19 46 4
19 52 10
19 53 7
19 54 10
19 59 2
19 60 7
19 68 6
19 76 9
19 81 8
19 86 2
19 92 5
19 93 5
19 94 1
19 96 2
19 97 6
19 99 1
19 106 10
19 111 2
19 112 5
19 114 6
19 123 5
19 127 2
19 128 9
19 129 10
19 132 2
19 135 7
19 136 2
19 139 8
19 141 1
19 143 5
19 144 7
19 147 10
19 148 6
19 149 7
19 151 3
19 154 8
19 159 9
19 163 4
19 164 2
19 168 6
19 174 5
19 175 2
19 178 10
19 181 7
19 182 1
19 184 5
19 185 7
19 188 1
19 191 6
19 195 3
19 196 8
19 197 9
19 203 5
19 205 6
20 22 5
20 23 7
20 24 8
20 26 7
20 27 6
20 32 4
20 36 5
20 37 9
20 40 1
20 43 10
20 44 4
20 45 10
20 48 8
20 52 5
20 55 9
20 58 6
20 63 9
20 64 8
20 67 4
20 68 5
20 69 10
20 71 4
20 73 3
20 76 6
20 78 7
20 81 10
20 82 1
20 91 7
20 93 6
20 94 2
20 97 5
20 99 6
20 102 9
20 105 1
20 106 5
20 107 4
20 108 1
20 109 3
20 112 10
20 114 6
20 115 2
20 118 3
20 120 4
20 122 2
20 127 3
20 128 4
20 129 10
20 134 6
20 135 9
20 137 5
20 141 4
20 143 1
20 144 4
20 147 7
20 154 4
20 158 9
20 161 10
20 163 3
20 166 2
20 167 2
20 169 3
20 173 6
20 174 1
20 182 10
20 183 1
20 184 9
20 186 10
20 187 5
20 188 8
20 196 2
20 197 3
20 203 6
20 204 4
20 208 2
21 23 10
21 25 5
21 27 4
21 29 10
21 32 1
21 33 6
21 37 6
21 38 5
21 40 10
21 44 10
21 49 9
21 52 3
21 54 3
21 57 4
21 62 3
21 64 5
21 68 7
21 70 4
21 75 5
21 78 4
21 79 9
21 81 6
21 82 5
21 84 9
21 88 7
21 92 3
21 94 9
21 95 5
21 96 3
21 98 10
21 101 1
21 106 8
21 112 6
21 118 4
21 123 6
21 125 10
21 127 2
21 128 3
21 132 2
21 135 9
21 137 5
21 138 4
21 142 2
21 144 6
21 146 3
21 148 8
21 149 3
21 150 8
21 151 5
21 152 3
21 155 5
21 159 7
21 160 9
21 161 5
21 164 9
21 166 5
21 167 10
21 170 5
21 172 4
21 173 1
21 177 4
21 178 4
21 180 8
21 183 7
21 184 10
21 187 5
21 188 10
21 190 6
21 193 2
21 194 2
21 195 10
21 197 3
21 199 4
21 201 6
21 207 10
21 209 1
21 210 10
22 29 8
22 30 3
22 32 9
22 37 2
22 39 5
22 44 1
22 45 2
22 46 8
22 47 3
22 51 3
22 53 3
22 55 10
22 62 10
22 63 10
22 68 5
22 70 7
22 74 9
22 78 8
22 81 6
22 86 1
22 89 2
22 91 7
22 93 4
22 94 8
22 97 9
22 98 7
22 100 9
22 102 1
22 105 3
22 106 4
22 107 10
22 109 1
22 112 3
22 113 6
22 117 8
22 119 1
22 125 10
22 128 3
22 141 9
22 146 2
22 150 3
22 151 9
22 153 8
22 154 7
22 156 2
22 157 1
22 159 8
22 160 9
22 162 6
22 164 2
22 165 4
22 166 2
22 171 6
22 175 5
22 177 8
22 179 2
22 181 9
22 183 2
22 185 6
22 187 9
22 189 10
22 196 2
22 197 1
22 201 4
22 203 9
22 205 4
23 25 1
23 27 4
23 31 8
23 32 9
23 34 3
23 36 6
23 40 9
23 41 9
23 43 7
23 45 2
23 46 8
23 49 6
23 56 4
23 57 1
23 58 5
23 61 7
23 63 3
23 73 3
23 74 2
23 75 3
23 76 7
23 77 2
23 79 2
23 82 3
23 88 8
23 91 1
23 94 5
23 95 8
23 96 9
23 97 9
23 98 9
23 99 7
23 103 5
23 112 6
23 115 8
23 116 10
23 117 5
23 118 3
23 119 1
23 122 7
23 123 9
23 124 10
23 128 4
23 136 1
23 140 5
23 141 3
23 144 8
23 145 3
23 146 1
23 151 6
23 154 9
23 156 7
23 159 9
23 163 2
23 166 2
23 168 5
23 171 3
23 172 4
23 174 2
23 176 8
23 182 9
23 184 5
23 185 2
23 187 1
23 189 2
23 190 1
23 191 2
23 195 3
23 197 5
23 199 2
23 202 10
23 205 1
23 206 4
23 208 10
23 209 3
23 210 8
24 26 1
24 27 4
24 29 2
24 30 5
24 33 8
24 36 1
24 37 9
24 38 2
24 45 7
24 47 1
24 51 10
24 52 6
24 54 5
24 56 10
24 57 10
24 58 8
24 64 5
24 66 2
24 67 7
24 70 7
24 72 4
24 73 6
24 75 9
24 81 2
24 83 1
24 86 5
24 87 2
24 88 2
24 89 4
24 90 9
24 92 1
24 93 8
24 100 4
24 101 8
24 103 10
24 104 8
24 108 6
24 110 1
24 111 6
24 112 7
24 113 4
24 114 8
24 116 9
24 119 3
24 120 10
24 122 9
24 125 10
24 127 10
24 128 1
24 129 2
24 141 3
24 143 7
24 145 5
24 146 10
24 155 1
24 156 3
24 157 3
24 162 9
24 163 9
24 164 8
24 165 5
24 167 1
24 171 2
24 172 1
24 175 3
24 178 4
24 182 10
24 183 9
24 184 9
24 185 1
24 188 7
24 189 9
24 190 7
24 192 3
24 195 5
24 196 9
24 197 7
24 198 2
24 205 2
24 210 7
25 29 6
25 37 8
25 39 10
25 42 5
25 46 3
25 47 10
25 48 1
25 51 5
25 52 4
25 55 10
25 58 2
25 60 9
25 62 10
25 63 5
25 65 2
25 67 8
25 69 4
25 71 8
25 79 10
25 80 8
25 82 6
25 83 4
25 84 2
25 85 3
25 86 7
25 88 1
25 95 5
25 97 7
25 103 5
25 112 6
25 114 9
25 120 9
25 125 8
25 126 9
25 129 1
25 131 6
25 132 5
25 134 6
25 135 1
25 136 7
25 137 3
25 140 10
25 145 4
25 148 10
25 149 10
25 150 9
25 151 9
25 152 3
25 156 4
25 159 5
25 162 6
25 163 2
25 169 8
25 170 3
25 171 9
25 173 2
25 174 6
25 175 2
25 180 1
25 184 8
25 185 5
25 187 4
25 188 3
25 189 4
25 192 6
25 197 10
25 198 10
25 201 2
25 202 3
25 204 2
25 205 6
25 207 5
25 209 5
26 28 4
26 32 3
26 33 2
26 36 2
26 38 4
26 39 9
26 40 8
26 41 1
26 42 3
26 44 3
26 46 1
26 50 4
26 52 5
26 53 9
26 58 7
26 60 6
26 64 5
26 68 10
26 69 7
26 71 1
26 74 1
26 76 4
26 80 2
26 81 1
26 83 2
26 86 1
26 87 9
26 91 3
26 92 8
26 95 4
26 103 2
26 104 7
26 107 3
26 110 8
26 112 2
26 116 3
26 118 2
26 120 10
26 122 6
26 128 1
26 129 1
26 132 4
26 133 1
26 134 3
26 136 7
26 137 10
26 138 8
26 139 3
26 140 3
26 141 6
26 144 3
26 149 2
26 151 7
26 153 10
26 158 1
26 159 7
26 162 4
26 167 2
26 168 9
26 169 7
26 171 6
26 172 3
26 173 9
26 174 1
26 179 1
26 182 1
26 183 9
26 188 1
26 189 10
26 190 1
26 192 9
26 194 9
26 196 5
26 198 4
26 202 6
26 203 5
26 204 2
26 206 9
27 28 1
27 30 9
27 31 2
27 32 10
27 33 10
27 38 9
27 44 8
27 46 10
27 48 7
27 51 2
27 53 10
27 55 5
27 57 4
27 60 1
27 61 1
27 62 2
27 63 1
27 64 3
27 65 4
27 66 5
27 71 1
27 72 6
27 73 3
27 76 10
27 80 4
27 81 1
27 84 2
27 90 10
27 92 4
27 93 6
27 97 6
27 99 7
27 101 1
27 102 1
27 103 4
27 105 1
27 107 8
27 108 10
27 112 8
27 113 4
27 114 9
27 115 7
27 118 3
27 119 6
27 120 10
27 121 1
27 123 4
27 124 8
27 128 4
27 130 5
27 132 5
27 133 1
27 134 10
27 135 1
27 140 7
27 142 2
27 143 7
27 144 3
27 145 5
27 146 8
27 148 2
27 150 5
27 151 7
27 157 4
27 160 3
27 161 9
27 162 1
27 165 6
27 166 8
27 168 4
27 169 3
27 170 9
27 171 6
27 176 10
27 181 3
27 183 4
27 186 5
27 188 4
27 194 5
27 200 2
27 205 3
27 206 6
27 207 6
28 30 10
28 33 7
28 34 6
28 36 10
28 37 9
28 38 8
28 43 10
28 45 5
28 46 8
28 53 2
28 57 2
28 58 8
28 61 6
28 62 1
28 63 2
28 64 4
28 65 4
28 68 6
28 69 3
28 70 5
28 71 5
28 78 6
28 80 7
28 82 7
28 84 6
28 92 6
28 94 10
28 100 3
28 101 10
28 103 9
28 104 6
28 105 6
28 106 9
28 107 10
28 108 7
28 109 8
28 111 9
28 114 8
28 115 9
28 117 7
28 119 8
28 128 3
28 129 7
28 131 9
28 137 4
28 138 3
28 139 9
28 140 3
28 141 5
28 143 3
28 145 6
28 147 9
28 150 8
28 154 7
28 157 5
28 162 7
28 167 8
28 168 6
28 170 6
28 171 4
28 174 8
28 176 6
28 180 5
28 183 8
28 184 3
28 185 5
28 194 3
28 195 3
28 197 2
28 199 1
28 200 3
28 203 3
28 204 5
28 205 4
28 207 5
29 30 3
29 35 3
29 37 7
29 38 2
29 40 8
29 43 2
29 44 2
29 48 4
29 49 9
29 53 9
29 56 1
29 58 4
29 63 2
29 64 1
29 65 2
29 67 4
29 68 3
29 70 1
29 71 3
29 72 7
29 73 1
29 74 7
29 78 10
29 79 1
29 83 2
29 87 4
29 88 9
29 91 1
29 92 4
29 95 1
29 96 7
29 99 8
29 101 8
29 105 5
29 106 4
29 108 4
29 110 10
29 111 6
29 120 8
29 121 6
29 123 8
29 126 6
29 127 9
29 133 10
29 134 6
29 137 8
29 138 9
29 140 7
29 141 3
29 142 10
29 143 9
29 148 8
29 152 4
29 153 6
29 155 6
29 158 3
29 163 3
29 167 6
29 170 9
29 171 3
29 178 10
29 179 10
29 183 10
29 184 9
29 188 8
29 191 9
29 192 4
29 195 10
29 199 5
29 204 2
29 206 8
29 208 9
30 34 5
30 38 9
30 39 4
30 40 6
30 43 8
30 47 3
30 49 6
30 50 2
30 52 2
30 53 9
30 54 7
30 56 6
30 59 6
30 60 9
30 62 10
30 63 1
30 65 2
30 67 2
30 68 9
30 70 8
30 75 7
30 79 6
30 83 6
30 84 8
30 85 6
30 88 6
30 90 8
30 91 4
30 94 4
30 98 3
30 99 7
30 101 10
30 102 7
30 104 9
30 105 8
30 109 10
30 110 2
30 113 2
30 114 2
30 116 1
30 123 6
30 129 6
30 131 5
30 136 8
30 137 6
30 138 3
30 145 6
30 148 6
30 149 10
30 151 7
30 152 7
30 153 6
30 154 1
30 156 1
30 158 3
30 159 4
30 164 4
30 167 2
30 168 9
30 169 6
30 170 3
30 179 5
30 181 4
30 185 1
30 187 5
30 189 1
30 192 10
30 194 1
30 196 4
30 198 3
30 202 8
30 203 4
30 204 5
30 209 5
31 37 9
31 40 9
31 44 10
31 47 9
31 55 5
31 56 5
31 59 7
31 60 5
31 61 8
31 63 2
31 65 9
31 66 8
31 70 10
31 72 1
31 77 5
31 80 6
31 81 5
31 85 5
31 91 4
31 95 5
31 96 7
31 100 5
31 107 1
31 109 6
31 112 2
31 116 1
31 120 8
31 123 10
31 127 8
31 128 7
31 129 1
31 133 10
31 136 1
31 137 6
31 138 7
31 139 9
31 140 1
31 142 10
31 144 5
31 146 2
31 151 7
31 154 5
31 155 3
31 160 5
31 162 6
31 164 3
31 167 4
31 170 5
31 172 10
31 179 9
31 183 9
31 186 8
31 189 2
31 192 10
31 194 9
31 196 2
31 197 9
31 198 1
31 201 4
31 205 4
31 208 4
31 209 8
32 34 2
32 41 2
32 42 10
32 44 8
32 47 1
32 49 7
32 53 5
32 54 2
32 55 5
32 56 6
32 58 5
32 59 4
32 60 7
32 61 10
32 62 5
32 66 7
32 68 7
32 70 3
32 71 7
32 72 4
32 73 7
32 75 2
32 76 2
32 78 10
32 79 5
32 81 10
32 82 6
32 85 8
32 88 1
32 90 1
32 96 6
32 98 9
32 100 3
32 102 1
32 106 7
32 108 4
32 113 9
32 114 2
32 115 6
32 117 9
32 118 9
32 120 9
32 122 9
32 124 1
32 125 8
32 126 4
32 131 7
32 132 8
32 134 2
32 135 10
32 136 1
32 142 10
32 146 4
32 152 6
32 153 8
32 157 8
32 159 4
32 162 7
32 165 2
32 167 9
32 168 4
32 169 3
32 170 6
32 174 2
32 179 10
32 180 7
32 182 7
32 185 6
32 189 3
32 192 2
32 193 10
32 196 10
32 197 6
32 199 1
32 200 3
32 202 1
32 203 2
32 205 8
32 206 5
32 208 6
32 209 10
33 34 3
33 38 6
33 39 2
33 40 9
33 41 4
33 43 3
33 44 4
33 45 5
33 48 7
33 49 8
33 51 6
33 53 10
33 59 7
33 62 1
33 63 2
33 64 9
33 69 8
33 73 9
33 74 5
33 75 5
33 76 2
33 78 10
33 79 5
33 84 8
33 87 6
33 88 10
33 90 7
33 91 1
33 94 10
33 96 3
33 99 9
33 101 8
33 103 7
33 105 6
33 106 7
33 107 2
33 109 1
33 110 7
33 111 6
33 116 1
33 118 10
33 121 9
33 122 4
33 123 5
33 135 5
33 137 3
33 138 4
33 144 1
33 145 10
33 146 5
33 148 10
33 156 7
33 159 4
33 160 7
33 162 9
33 165 1
33 169 3
33 170 9
33 171 5
33 173 8
33 174 2
33 178 1
33 180 1
33 181 5
33 182 8
33 183 9
33 184 5
33 186 8
33 187 3
33 188 3
33 189 6
33 192 10
33 193 9
33 194 2
33 195 4
33 197 3
33 203 7
33 204 3
33 205 9
33 208 3
33 209 8
33 210 10
34 35 6
34 37 10
34 39 7
34 40 10
34 41 7
34 44 8
34 46 1
34 53 2
34 54 4
34 55 3
34 56 10
34 59 10
34 64 9
34 65 8
34 66 7
34 69 5
34 70 10
34 71 4
34 72 7
34 73 9
34 74 6
34 75 10
34 79 6
34 80 1
34 84 8
34 85 6
34 88 4
34 89 2
34 92 1
34 94 10
34 97 6
34 99 1
34 100 5
34 103 7
34 106 1
34 107 1
34 108 10
34 111 4
34 113 7
34 118 9
34 121 5
34 124 10
34 126 5
34 129 7
34 130 6
34 131 6
34 133 3
34 136 5
34 137 10
34 138 3
34 143 3
34 146 2
34 149 4
34 150 1
34 151 5
34 152 5
34 158 4
34 162 7
34 166 10
34 168 7
34 169 3
34 173 8
34 176 2
34 178 3
34 181 3
34 185 8
34 188 6
34 190 9
34 191 9
34 198 9
34 203 2
34 204 4
34 206 6
34 208 2
34 209 6
35 36 7
35 37 5
35 38 8
35 40 9
35 41 7
35 43 8
35 46 3
35 47 5
35 49 6
35 51 7
35 58 5
35 59 3
35 61 10
35 62 2
35 64 5
35 69 4
35 70 9
35 72 4
35 73 2
35 75 10
35 77 3
35 82 6
35 83 7
35 84 9
35 85 1
35 87 10
35 88 9
35 89 7
35 92 7
35 93 7
35 101 10
35 103 10
35 104 6
35 107 8
35 108 6
35 109 2
35 110 7
35 112 8
35 113 3
35 115 5
35 118 5
35 121 10
35 125 2
35 126 3
35 129 1
35 130 6
35 131 1
35 133 1
35 134 4
35 140 9
35 141 3
35 143 9
35 147 5
35 150 3
35 154 4
35 155 5
35 157 1
35 158 2
35 159 1
35 170 4
35 174 3
35 177 5
35 179 2
35 181 10
35 191 2
35 194 5
35 195 4
35 200 5
35 203 5
35 204 3
35 205 1
35 206 1
35 207 7
35 210 7
36 37 5
36 38 9
36 39 7
36 41 1
36 43 5
36 44 9
36 46 3
36 48 7
36 50 4
36 55 3
36 58 9
36 60 8
36 65 1
36 66 9
36 67 10
36 69 7
36 71 9
36 77 2
36 81 9
36 82 2
36 88 6
36 89 6
36 90 9
36 92 9
36 95 1
36 100 4
36 105 4
36 106 6
36 107 2
36 109 3
36 115 10
36 121 8
36 122 6
36 123 8
36 126 6
36 127 1
36 128 5
36 129 5
36 130 3
36 131 6
36 133 7
36 144 5
36 145 10
36 149 2
36 151 9
36 155 1
36 166 4
36 167 5
36 168 7
36 173 2
36 174 6
36 175 8
36 177 1
36 180 1
36 183 10
36 189 8
36 191 1
36 194 10
36 195 7
36 197 8
36 200 10
36 201 2
36 202 9
36 207 10
36 208 8
36 210 10
37 38 5
37 41 3
37 42 7
37 45 9
37 49 6
37 52 7
37 60 3
37 67 8
37 68 9
37 74 4
37 75 4
37 76 2
37 78 8
37 81 1
37 86 5
37 87 10
37 90 10
37 91 4
37 94 3
37 95 9
37 98 5
37 99 2
37 100 8
37 102 9
37 103 7
37 107 7
37 109 2
37 112 3
37 121 6
37 123 6
37 126 8
37 127 1
37 132 9
37 133 10
37 136 9
37 137 6
37 138 7
37 140 4
37 144 9
37 145 10
37 147 7
37 148 1
37 150 4
37 151 7
37 152 4
37 153 6
37 156 3
37 159 9
37 160 1
37 164 8
37 165 2
37 166 2
37 167 6
37 168 2
37 169 6
37 170 7
37 173 4
37 174 1
37 177 6
37 179 9
37 181 4
37 182 1
37 186 10
37 192 3
37 196 8
37 198 8
37 202 1
37 203 3
37 205 7
38 44 7
38 45 7
38 47 5
38 52 3
38 53 5
38 57 4
38 61 10
38 62 5
38 64 2
38 65 8
38 70 2
38 73 9
38 74 2
38 76 3
38 77 4
38 80 3
38 82 2
38 84 2
38 88 1
38 96 1
38 102 9
38 109 2
38 114 5
38 115 10
38 117 7
38 119 7
38 122 8
38 125 1
38 128 8
38 130 2
38 132 9
38 136 10
38 138 6
38 139 7
38 140 10
38 143 8
38 145 4
38 146 5
38 148 8
38 149 9
38 152 6
38 155 1
38 158 3
38 160 4
38 164 1
38 170 8
38 173 1
38 177 5
38 178 1
38 179 4
38 181 4
38 183 2
38 190 3
38 195 9
38 196 9
38 198 10
38 205 1
39 42 4
39 45 1
39 46 2
39 47 9
39 50 5
39 51 5
39 53 6
39 54 5
39 58 2
39 60 6
39 62 6
39 66 2
39 67 1
39 68 4
39 73 4
39 78 10
39 89 5
39 91 6
39 93 1
39 97 9
39 100 6
39 104 10
39 107 1
39 108 8
39 111 10
39 115 8
39 118 2
39 119 1
39 120 3
39 124 8
39 126 7
39 128 7
39 131 1
39 132 6
39 136 7
39 137 8
39 139 4
39 144 8
39 145 3
39 148 7
39 150 3
39 152 8
39 154 2
39 160 9
39 163 4
39 164 1
39 166 3
39 172 9
39 177 5
39 179 8
39 182 9
39 183 9
39 184 2
39 187 6
39 188 5
39 189 3
39 190 6
39 196 5
39 197 3
39 201 8
39 202 8
39 205 1
39 206 6
40 44 2
40 47 9
40 49 2
40 52 3
40 54 1
40 58 3
40 65 10
40 66 1
40 69 2
40 79 4
40 80 10
40 83 7
40 84 3
40 90 5
40 92 9
40 93 7
40 96 6
40 103 3
40 105 3
40 107 9
40 108 5
40 111 3
40 113 10
40 118 5
40 120 7
40 124 1
40 125 9
40 130 7
40 131 10
40 137 1
40 139 1
40 140 4
40 142 9
40 145 5
40 150 1
40 151 9
40 154 9
40 157 6
40 160 9
40 162 4
40 167 9
40 168 5
40 174 3
40 176 5
40 180 4
40 184 4
40 186 2
40 187 10
40 188 3
40 190 4
40 192 1
40 193 10
40 196 1
40 197 1
40 198 8
40 200 6
40 201 6
40 203 10
40 204 10
40 205 4
40 207 3
41 42 5
41 45 1
41 46 8
41 48 8
41 57 5
41 58 9
41 62 9
41 63 6
41 66 7
41 69 1
41 73 1
41 76 8
41 77 8
41 78 9
41 82 4
41 86 3
41 87 8
41 88 10
41 91 3
41 95 2
41 96 2
41 97 10
41 102 4
41 104 3
41 105 1
41 109 9
41 110 5
41 113 10
41 114 7
41 115 4
41 116 9
41 118 10
41 122 9
41 124 5
41 129 8
41 133 1
41 137 5
41 138 10
41 141 4
41 144 5
41 146 5
41 150 5
41 151 8
41 152 7
41 161 10
41 163 4
41 164 1
41 165 2
41 171 5
41 172 6
41 174 2
41 175 4
41 183 9
41 184 10
41 190 5
41 191 9
41 196 6
41 206 7
41 208 4
42 45 8
42 47 6
42 50 4
42 51 5
42 52 8
42 54 7
42 59 4
42 60 7
42 63 6
42 64 6
42 65 7
42 67 8
42 68 10
42 75 5
42 79 1
42 82 1
42 86 6
42 87 10
42 88 6
42 94 3
42 104 2
42 106 1
42 110 9
42 111 9
42 112 3
42 115 1
42 126 2
42 135 8
42 142 1
42 143 3
42 148 8
42 149 7
42 151 4
42 152 5
42 153 2
42 154 1
42 161 6
42 162 6
42 165 5
42 168 8
42 171 1
42 172 2
42 173 1
42 175 4
42 177 7
42 180 2
42 181 4
42 182 1
42 184 2
42 186 7
42 188 6
42 190 2
42 191 10
42 193 3
42 197 3
42 198 4
42 199 4
42 205 1
42 207 3
42 208 10
43 44 10
43 45 2
43 49 3
43 52 7
43 53 5
43 56 2
43 59 4
43 60 5
43 64 2
43 65 3
43 66 8
43 67 8
43 69 5
43 70 1
43 72 10
43 74 1
43 76 2
43 80 2
43 83 10
43 89 3
43 91 4
43 92 7
43 93 6
43 95 2
43 96 6
43 97 2
43 99 5
43 100 1
43 101 8
43 102 9
43 103 9
43 105 3
43 106 6
43 107 8
43 109 8
43 111 1
43 112 1
43 115 1
43 116 8
43 118 5
43 121 2
43 124 8
43 126 1
43 127 3
43 129 8
43 131 3
43 140 2
43 144 5
43 148 3
43 150 7
43 151 9
43 152 7
43 153 7
43 155 1
43 156 2
43 157 1
43 159 4
43 161 7
43 167 3
43 168 3
43 171 9
43 172 1
43 173 2
43 177 1
43 178 5
43 181 4
43 183 5
43 184 2
43 187 8
43 198 7
43 200 10
43 202 7
43 204 7
43 206 7
43 207 6
44 46 9
44 57 9
44 61 2
44 65 6
44 71 9
44 76 7
44 77 8
44 81 2
44 82 8
44 84 6
44 85 8
44 90 8
44 94 7
44 99 7
44 101 6
44 106 7
44 110 1
44 111 8
44 115 5
44 116 5
44 117 7
44 125 10
44 127 7
44 128 6
44 130 1
44 132 2
44 134 5
44 136 9
44 137 2
44 139 10
44 141 1
44 143 5
44 144 6
44 145 4
44 146 8
44 148 5
44 149 6
44 150 1
44 153 4
44 160 8
44 161 7
44 162 10
44 166 9
44 167 9
44 168 5
44 169 8
44 174 8
44 175 6
44 176 5
44 182 8
44 183 1
44 184 6
44 185 4
44 187 3
44 190 5
44 193 2
44 195 2
44 196 5
44 197 10
44 199 8
44 201 3
45 52 8
45 54 10
45 58 5
45 60 5
45 69 3
45 73 6
45 74 3
45 82 2
45 84 5
45 85 8
45 88 7
45 92 10
45 93 4
45 98 3
45 100 6
45 101 10
45 102 7
45 103 10
45 104 6
45 105 10
45 106 2
45 107 10
45 108 8
45 109 4
45 111 7
45 114 6
45 115 6
45 116 7
45 117 6
45 118 10
45 122 7
45 124 2
45 125 7
45 126 5
45 129 8
45 130 2
45 131 9
45 134 2
45 139 2
45 140 4
45 142 9
45 143 10
45 145 5
45 147 4
45 148 5
45 153 5
45 155 2
45 157 6
45 166 3
45 167 10
45 168 4
45 171 4
45 174 3
45 175 2
45 179 5
45 186 2
45 190 7
45 194 9
45 197 10
45 198 5
45 201 10
45 202 2
45 203 3
45 206 5
45 208 2
45 209 4
46 48 10
46 52 7
46 53 3
46 58 9
46 59 6
46 60 6
46 62 3
46 63 9
46 67 6
46 69 6
46 73 4
46 74 2
46 77 8
46 84 7
46 88 2
46 89 6
46 90 2
46 94 1
46 95 7
46 97 2
46 101 4
46 102 6
46 103 10
46 105 6
46 106 7
46 107 5
46 108 10
46 109 3
46 110 2
46 111 7
46 113 8
46 114 6
46 115 4
46 116 4
46 122 3
46 124 6
46 125 4
46 126 1
46 131 2
46 132 7
46 133 6
46 134 9
46 136 7
46 138 1
46 139 2
46 141 1
46 142 7
46 148 1
46 150 3
46 151 3
46 154 4
46 156 10
46 161 7
46 163 5
46 171 2
46 172 6
46 173 10
46 174 8
46 178 1
46 179 5
46 180 1
46 182 9
46 183 6
46 189 9
46 190 3
46 199 8
46 200 1
46 202 7
46 209 8
47 52 1
47 55 5
47 56 9
47 60 1
47 61 2
47 62 1
47 66 10
47 68 6
47 69 5
47 70 9
47 71 10
47 72 5
47 74 7
47 81 9
47 82 4
47 90 9
47 91 6
47 92 6
47 94 8
47 97 4
47 101 3
47 102 7
47 103 7
47 106 5
47 108 6
47 114 5
47 115 7
47 116 4
47 119 1
47 123 7
47 124 2
47 129 1
47 138 10
47 140 4
47 142 8
47 143 10
47 144 5
47 146 6
47 147 4
47 148 2
47 150 7
47 151 6
47 156 4
47 158 5
47 163 7
47 165 2
47 167 9
47 168 4
47 174 8
47 177 1
47 180 5
47 182 4
47 184 9
47 185 3
47 187 8
47 201 2
47 204 7
47 205 9
47 209 4
47 210 1
48 50 2
48 53 9
48 57 5
48 60 1
48 61 8
48 64 2
48 65 7
48 75 1
48 76 2
48 80 4
48 83 1
48 84 7
48 85 1
48 86 7
48 88 9
48 90 7
48 92 1
48 94 5
48 97 9
48 99 4
48 101 10
48 106 9
48 107 3
48 108 3
48 109 4
48 112 8
48 115 2
48 120 9
48 121 6
48 122 6
48 123 10
48 124 2
48 128 1
48 129 5
48 131 1
48 132 8
48 134 1
48 138 3
48 148 10
48 149 8
48 154 7
48 156 9
48 159 8
48 162 7
48 163 2
48 167 7
48 169 8
48 171 9
48 173 9
48 178 10
48 184 7
48 186 1
48 188 6
48 190 6
48 192 3
48 195 4
48 201 7
48 202 5
48 206 1
48 210 4
49 56 1
49 58 5
49 59 6
49 65 10
49 67 6
49 68 3
49 69 8
49 73 8
49 76 10
49 78 2
49 79 4
49 80 2
49 82 3
49 85 9
49 87 10
49 88 1
49 89 5
49 92 8
49 93 10
49 97 8
49 98 6
49 99 1
49 107 1
49 108 6
49 111 1
49 112 9
49 117 4
49 120 6
49 123 6
49 127 8
49 130 3
49 131 2
49 132 6
49 134 1
49 137 2
49 140 6
49 142 4
49 144 1
49 145 3
49 147 7
49 148 5
49 150 8
49 151 8
49 154 8
49 156 9
49 157 6
49 162 5
49 163 4
49 164 6
49 170 3
49 173 6
49 174 4
49 176 1
49 178 5
49 179 4
49 180 7
49 185 4
49 186 8
49 187 8
49 189 8
49 191 1
49 195 9
49 197 2
49 200 2
49 201 9
49 203 2
49 205 6
49 206 9
49 207 10
50 52 4
50 54 7
50 55 3
50 56 5
50 59 3
50 60 1
50 61 7
50 66 6
50 70 10
50 71 9
50 74 6
50 76 1
50 77 7
50 79 9
50 85 1
50 86 1
50 87 9
50 88 7
50 89 5
50 90 6
50 91 6
50 99 9
50 100 6
50 102 3
50 104 1
50 106 9
50 108 3
50 109 9
50 110 8
50 115 4
50 117 7
50 118 6
50 121 8
50 122 4
50 128 2
50 131 4
50 132 9
50 133 6
50 135 10
50 142 9
50 143 1
50 144 5
50 145 3
50 147 2
50 149 5
50 150 9
50 155 7
50 157 5
50 159 4
50 163 4
50 164 3
50 167 2
50 169 10
50 173 3
50 179 7
50 185 6
50 189 1
50 190 1
50 191 2
50 198 9
50 199 2
50 206 6
50 207 5
51 52 9
51 55 7
51 61 1
51 62 2
51 66 8
51 68 2
51 71 9
51 75 2
51 77 7
51 79 5
51 82 2
51 84 5
51 89 10
51 90 8
51 95 8
51 96 10
51 97 10
51 98 10
51 108 2
51 112 6
51 113 3
51 116 8
51 120 2
51 127 10
51 128 3
51 129 2
51 130 2
51 133 9
51 143 8
51 146 3
51 150 1
51 152 5
51 153 2
51 157 2
51 159 4
51 160 5
51 164 3
51 165 8
51 167 2
51 173 4
51 174 10
51 175 3
51 182 10
51 188 5
51 189 6
51 192 5
51 193 2
51 194 8
51 198 7
51 201 4
51 205 1
51 208 4
51 210 6
52 53 3
52 54 9
52 57 6
52 65 2
52 68 8
52 69 5
52 74 6
52 79 8
52 81 6
52 90 2
52 91 2
52 94 6
52 99 9
52 101 2
52 102 10
52 104 4
52 105 10
52 106 6
52 107 4
52 108 4
52 109 8
52 111 6
52 113 7
52 114 8
52 119 3
52 121 4
52 122 7
52 123 7
52 125 2
52 126 5
52 131 5
52 132 3
52 133 3
52 134 6
52 135 6
52 137 10
52 138 1
52 141 8
52 142 4
52 143 10
52 144 5
52 145 5
52 150 7
52 155 8
52 161 6
52 166 5
52 168 1
52 173 8
52 175 3
52 182 10
52 183 10
52 184 1
52 185 5
52 186 5
52 189 10
52 190 9
52 196 10
52 198 1
52 201 1
52 203 6
52 205 7
52 209 7
53 54 2
53 55 7
53 57 8
53 58 1
53 61 5
53 63 9
53 64 7
53 67 4
53 68 3
53 69 4
53 71 1
53 76 8
53 78 10
53 79 10
53 80 10
53 87 3
53 89 4
53 91 4
53 94 6
53 99 10
53 101 10
53 111 3
53 112 7
53 114 2
53 122 6
53 125 9
53 128 9
53 129 7
53 131 10
53 132 7
53 133 9
53 134 6
53 136 3
53 140 7
53 141 6
53 142 5
53 144 6
53 146 3
53 147 10
53 148 3
53 149 4
53 150 4
53 158 5
53 159 3
53 164 10
53 166 5
53 167 6
53 169 5
53 171 8
53 173 3
53 176 8
53 180 10
53 181 7
53 184 4
53 186 9
53 188 10
53 193 2
53 194 2
53 195 6
53 196 9
53 201 10
53 203 9
53 204 5
53 207 8
53 209 8
54 55 1
54 56 10
54 60 2
54 61 7
54 63 1
54 70 7
54 76 5
54 81 3
54 85 2
54 87 9
54 91 10
54 98 9
54 99 10
54 100 6
54 102 7
54 103 8
54 105 6
54 107 5
54 112 8
54 113 2
54 115 4
54 117 7
54 122 10
54 126 3
54 127 10
54 130 9
54 132 9
54 137 8
54 139 1
54 145 8
54 151 2
54 158 5
54 160 6
54 161 8
54 165 6
54 166 2
54 171 4
54 172 7
54 176 6
54 177 5
54 178 10
54 182 1
54 184 4
54 185 4
54 188 4
54 189 9
54 190 7
54 191 2
54 193 9
54 197 8
54 199 6
54 202 8
54 203 7
54 204 2
54 208 2
54 209 2
55 58 9
55 60 9
55 61 9
55 62 1
55 64 3
55 65 10
55 69 5
55 71 9
55 75 3
55 81 7
55 82 6
55 83 8
55 84 4
55 85 5
55 91 7
55 92 1
55 104 1
55 110 5
55 115 6
55 123 4
55 125 5
55 129 10
55 130 6
55 132 4
55 133 4
55 134 9
55 136 10
55 137 7
55 138 1
55 140 1
55 145 2
55 146 1
55 148 5
55 149 8
55 151 4
55 152 10
55 156 8
55 157 2
55 161 9
55 163 6
55 164 6
55 165 4
55 166 5
55 168 2
55 170 7
55 171 5
55 182 9
55 183 10
55 185 3
55 186 6
55 187 1
55 188 5
55 190 4
55 191 2
55 192 7
55 195 6
55 196 8
55 197 4
55 200 8
55 205 8
55 206 9
55 210 7
56 57 10
56 63 4
56 64 3
56 66 5
56 67 9
56 68 10
56 69 9
56 70 6
56 73 4
56 75 2
56 76 7
56 77 10
56 79 7
56 82 1
56 83 4
56 85 4
56 87 6
56 88 7
56 93 6
56 94 1
56 95 4
56 99 10
56 100 1
56 102 4
56 105 4
56 107 4
56 109 10
56 113 8
56 122 3
56 123 6
56 125 8
56 126 5
56 132 8
56 135 6
56 138 7
56 139 7
56 141 7
56 149 10
56 152 1
56 155 2
56 156 3
56 158 5
56 162 5
56 165 1
56 170 3
56 174 9
56 178 8
56 179 6
56 181 7
56 183 2
56 188 6
56 191 7
56 193 5
56 195 7
56 197 7
56 198 3
56 203 5
56 204 4
56 208 2
56 209 5
56 210 9
57 59 8
57 62 9
57 63 2
57 64 8
57 66 1
57 70 8
57 78 4
57 83 3
57 85 1
57 89 3
57 95 1
57 97 3
57 99 1
57 100 4
57 105 7
57 106 2
57 110 6
57 115 2
57 119 9
57 125 6
57 127 6
57 130 6
57 131 1
57 132 4
57 136 3
57 138 7
57 140 8
57 141 2
57 142 4
57 144 7
57 148 8
57 153 2
57 154 5
57 156 9
57 157 5
57 164 5
57 165 6
57 170 9
57 171 10
57 172 3
57 174 9
57 177 3
57 178 9
57 179 1
57 187 6
57 188 9
57 191 8
57 192 5
57 193 10
57 194 7
57 196 4
57 201 3
57 202 9
57 205 9
57 207 9
57 209 5
58 60 10
58 61 8
58 63 8
58 64 9
58 65 6
58 67 1
58 69 4
58 71 1
58 74 10
58 82 5
58 84 4
58 86 3
58 88 9
58 90 3
58 94 7
58 99 5
58 103 4
58 106 3
58 109 8
58 110 7
58 111 8
58 112 7
58 116 6
58 118 10
58 119 4
58 121 10
58 122 5
58 123 6
58 127 1
58 128 5
58 129 9
58 130 4
58 133 9
58 136 8
58 137 4
58 139 6
58 144 6
58 145 7
58 150 3
58 152 8
58 158 4
58 163 2
58 165 9
58 167 1
58 170 1
58 171 5
58 173 10
58 174 2
58 176 6
58 180 5
58 182 10
58 183 3
58 184 8
58 185 3
58 186 1
58 187 4
58 188 3
58 189 5
58 192 4
58 193 10
58 197 10
58 203 10
58 208 1
58 210 5
59 61 1
59 63 9
59 64 9
59 66 5
59 67 8
59 69 6
59 70 4
59 72 2
59 83 1
59 84 8
59 86 10
59 87 9
59 91 4
59 93 8
59 99 8
59 100 9
59 101 7
59 102 7
59 107 3
59 109 10
59 111 4
59 115 6
59 117 2
59 118 1
59 119 4
59 121 7
59 122 10
59 128 2
59 129 1
59 130 3
59 133 8
59 138 3
59 139 5
59 141 10
59 142 5
59 144 9
59 145 9
59 146 3
59 149 8
59 150 10
59 156 10
59 161 5
59 163 9
59 166 5
59 168 3
59 169 7
59 173 6
59 174 1
59 175 3
59 177 2
59 182 5
59 184 9
59 185 10
59 186 8
59 187 8
59 188 9
59 190 10
59 193 8
59 197 8
59 201 8
59 204 6
59 208 8
60 62 3
60 63 7
60 64 4
60 65 2
60 66 8
60 68 1
60 69 7
60 72 3
60 74 2
60 75 4
60 76 7
60 79 5
60 80 3
60 82 1
60 83 8
60 84 7
60 85 6
60 95 8
60 97 1
60 99 2
60 102 9
60 103 7
60 104 10
60 108 5
60 109 10
60 115 1
60 120 5
60 121 7
60 123 6
60 124 9
60 126 7
60 130 9
60 131 9
60 135 7
60 137 1
60 139 3
60 140 1
60 141 4
60 142 7
60 144 8
60 145 5
60 146 1
60 148 9
60 153 10
60 156 3
60 158 4
60 159 5
60 161 3
60 168 6
60 171 2
60 175 4
60 177 9
60 179 2
60 180 7
60 183 8
60 186 3
60 194 3
60 195 6
60 196 8
60 201 6
60 203 7
60 205 10
60 206 3
60 208 9
61 62 3
61 66 9
61 67 9
61 68 1
61 72 8
61 76 6
61 81 5
61 82 2
61 83 9
61 85 2
61 88 1
61 89 1
61 95 1
61 101 1
61 103 5
61 109 5
61 111 7
61 114 7
61 115 2
61 119 6
61 122 2
61 123 5
61 125 7
61 130 2
61 133 4
61 138 8
61 142 10
61 146 5
61 147 4
61 149 4
61 151 2
61 152 6
61 153 8
61 154 10
61 155 8
61 156 5
61 157 6
61 161 10
61 167 8
61 168 3
61 170 1
61 175 6
61 181 6
61 184 7
61 187 9
61 188 2
61 191 4
61 193 10
61 194 8
61 195 9
61 197 7
61 198 8
61 200 2
61 203 9
61 204 9
61 206 3
61 208 1
61 210 3
62 65 3
62 77 1
62 79 10
62 84 3
62 87 4
62 88 6
62 90 3
62 92 1
62 102 2
62 103 3
62 104 8
62 105 2
62 106 10
62 115 3
62 117 8
62 118 6
62 120 9
62 121 9
62 129 5
62 130 9
62 132 7
62 135 7
62 137 3
62 139 8
62 141 7
62 142 2
62 145 2
62 150 2
62 151 4
62 152 1
62 154 4
62 161 8
62 164 3
62 166 8
62 168 4
62 170 6
62 172 7
62 173 9
62 174 6
62 183 6
62 185 7
62 186 1
62 188 10
62 191 3
62 192 9
62 199 2
62 202 5
62 203 7
62 206 9
62 207 7
62 209 6
63 65 4
63 66 1
63 69 1
63 73 5
63 76 5
63 77 10
63 78 8
63 82 8
63 84 8
63 86 5
63 87 2
63 94 1
63 97 9
63 101 3
63 103 9
63 106 2
63 109 8
63 110 3
63 117 2
63 119 2
63 120 7
63 121 1
63 124 6
63 128 2
63 129 9
63 130 6
63 134 4
63 137 2
63 138 1
63 139 9
63 141 7
63 142 8
63 144 8
63 149 3
63 150 3
63 157 4
63 159 4
63 166 3
63 168 9
63 170 4
63 174 7
63 176 1
63 177 10
63 178 6
63 181 7
63 182 6
63 183 6
63 184 5
63 187 5
63 191 4
63 194 3
63 195 6
63 197 9
63 198 7
63 199 9
63 203 2
63 204 1
63 205 1
63 208 2
63 209 7
63 210 5
64 65 10
64 66 9
64 68 4
64 70 3
64 71 5
64 76 9
64 77 3
64 78 7
64 85 9
64 86 7
64 88 6
64 90 10
64 91 4
64 92 7
64 93 8
64 95 3
64 97 8
64 102 2
64 103 10
64 104 2
64 108 4
64 112 4
64 114 5
64 115 1
64 116 2
64 117 2
64 121 5
64 122 2
64 123 6
64 132 2
64 135 1
64 146 3
64 148 9
64 149 1
64 151 3
64 152 10
64 154 4
64 156 4
64 160 6
64 162 9
64 164 4
64 173 4
64 175 7
64 180 6
64 184 1
64 188 5
64 191 9
64 199 1
64 204 4
64 206 7
64 207 2
64 208 5
64 210 9
65 66 8
65 67 7
65 70 6
65 73 4
65 75 10
65 76 9
65 82 9
65 91 5
65 98 8
65 99 4
65 102 6
65 103 6
65 104 1
65 111 1
65 114 8
65 116 4
65 120 1
65 121 4
65 122 8
65 125 3
65 126 1
65 128 4
65 130 5
65 131 10
65 135 6
65 138 3
65 140 7
65 145 9
65 151 6
65 154 1
65 156 1
65 159 7
65 160 8
65 163 5
65 164 1
65 165 5
65 172 10
65 173 10
65 177 8
65 181 2
65 183 2
65 184 7
65 185 4
65 186 4
65 187 6
65 194 8
65 198 5
65 201 8
65 202 10
65 208 4
65 209 5
66 68 3
66 73 5
66 76 1
66 78 9
66 79 10
66 80 2
66 81 8
66 86 7
66 89 5
66 90 1
66 92 9
66 93 3
66 94 5
66 97 10
66 101 7
66 104 6
66 107 6
66 108 3
66 109 8
66 113 4
66 118 5
66 119 9
66 121 2
66 123 5
66 127 6
66 128 6
66 132 2
66 135 5
66 136 7
66 137 9
66 139 2
66 141 4
66 144 7
66 150 10
66 152 10
66 155 2
66 157 2
66 158 10
66 161 4
66 165 3
66 167 5
66 169 9
66 171 2
66 172 10
66 174 2
66 177 5
66 180 8
66 183 7
66 185 9
66 187 7
66 188 9
66 196 8
66 197 4
66 198 2
66 200 6
66 203 7
66 204 10
66 205 2
66 208 2
66 210 3
67 68 10
67 70 5
67 72 9
67 74 8
67 77 10
67 80 7
67 83 7
67 84 3
67 86 5
67 88 10
67 92 9
67 93 1
67 94 7
67 95 7
67 96 2
67 97 1
67 100 7
67 104 1
67 107 6
67 108 5
67 109 6
67 112 9
67 120 4
67 124 6
67 128 4
67 129 5
67 134 9
67 139 3
67 141 3
67 142 1
67 147 8
67 149 6
67 150 9
67 158 9
67 160 2
67 162 3
67 163 1
67 166 5
67 168 4
67 171 6
67 173 5
67 175 3
67 177 2
67 182 6
67 185 8
67 188 4
67 190 5
67 191 6
67 193 7
67 194 10
67 195 9
67 196 10
67 197 9
67 199 1
67 200 10
67 201 6
67 202 10
67 204 8
67 206 6
67 208 7
67 209 2
68 78 8
68 80 5
68 81 7
68 84 7
68 87 9
68 90 10
68 92 7
68 93 5
68 100 8
68 101 4
68 103 3
68 105 8
68 107 1
68 109 1
68 110 9
68 114 1
68 117 1
68 123 6
68 127 6
68 134 8
68 136 6
68 137 2
68 140 10
68 141 5
68 144 3
68 145 8
68 147 5
68 150 7
68 151 8
68 152 3
68 154 10
68 155 2
68 156 2
68 157 7
68 161 6
68 165 5
68 167 6
68 168 6
68 169 7
68 172 6
68 173 5
68 175 5
68 176 5
68 184 5
68 186 5
68 200 2
68 202 9
68 205 5
68 207 3
68 208 1
68 209 10
69 70 9
69 75 7
69 76 7
69 79 10
69 80 10
69 81 4
69 83 1
69 89 10
69 90 1
69 92 10
69 97 5
69 99 8
69 102 6
69 103 5
69 104 6
69 109 9
69 112 10
69 115 7
69 116 3
69 119 6
69 121 1
69 127 10
69 133 8
69 135 2
69 136 4
69 138 9
69 142 4
69 145 10
69 146 2
69 150 5
69 155 10
69 157 1
69 159 3
69 163 2
69 165 4
69 169 7
69 173 9
69 175 2
69 178 10
69 179 6
69 180 4
69 184 5
69 185 4
69 189 9
69 194 1
69 197 5
69 202 1
69 203 4
69 204 1
69 205 7
69 207 8
70 71 6
70 72 1
70 74 4
70 83 10
70 92 1
70 93 10
70 102 1
70 104 10
70 105 10
70 106 10
70 110 4
70 111 2
70 114 5
70 117 10
70 119 1
70 120 4
70 122 4
70 125 8
70 127 8
70 128 7
70 131 10
70 132 2
70 133 1
70 134 3
70 136 10
70 141 1
70 144 7
70 145 7
70 147 4
70 148 3
70 149 10
70 150 6
70 152 6
70 156 10
70 160 7
70 162 5
70 165 9
70 167 1
70 171 9
70 179 9
70 182 3
70 185 10
70 191 1
70 192 1
70 194 8
70 196 3
70 205 7
70 206 7
70 210 8
71 75 6
71 77 7
71 78 4
71 81 10
71 82 9
71 89 8
71 94 9
71 99 8
71 102 1
71 109 2
71 110 7
71 112 5
71 117 2
71 119 10
71 121 5
71 123 10
71 125 7
71 126 1
71 131 7
71 132 2
71 134 8
71 135 9
71 136 3
71 138 10
71 139 8
71 144 9
71 146 7
71 148 1
71 151 2
71 155 4
71 156 6
71 163 9
71 166 3
71 173 9
71 175 7
71 176 2
71 181 6
71 182 9
71 183 10
71 184 6
71 187 4
71 189 7
71 190 4
71 192 3
71 193 1
71 197 4
71 198 4
71 200 4
71 201 1
71 203 6
71 208 4
71 209 9
71 210 8
72 75 5
72 78 9
72 80 4
72 81 5
72 82 9
72 84 7
72 85 9
72 89 1
72 90 1
72 93 3
72 98 7
72 99 3
72 103 4
72 108 2
72 111 9
72 113 2
72 115 8
72 116 8
72 119 2
72 120 3
72 124 8
72 131 5
72 136 9
72 145 10
72 147 5
72 149 3
72 150 7
72 151 9
72 157 2
72 160 1
72 161 9
72 163 7
72 164 8
72 166 3
72 168 7
72 170 1
72 173 1
72 175 4
72 178 5
72 184 3
72 185 4
72 186 6
72 187 7
72 190 9
72 191 8
72 192 8
72 197 5
72 198 2
72 199 1
72 202 2
72 206 2
72 207 6
72 209 3
72 210 5
73 79 4
73 83 9
73 87 6
73 90 10
73 93 7
73 94 6
73 98 7
73 101 4
73 104 2
73 105 5
73 106 10
73 109 1
73 110 3
73 114 6
73 116 3
73 122 8
73 123 3
73 129 7
73 131 5
73 136 1
73 144 5
73 149 2
73 151 8
73 153 2
73 154 5
73 156 10
73 158 6
73 160 7
73 164 5
73 170 2
73 172 9
73 176 2
73 180 8
73 183 7
73 186 1
73 187 4
73 192 2
73 193 4
73 194 2
73 195 3
73 196 10
73 197 10
73 199 1
73 201 3
73 202 2
73 207 5
74 85 9
74 88 2
74 90 9
74 94 3
74 97 2
74 98 7
74 99 3
74 107 2
74 114 8
74 115 1
74 117 6
74 122 8
74 124 5
74 125 4
74 127 3
74 128 9
74 129 1
74 135 7
74 141 5
74 142 6
74 143 7
74 147 6
74 148 10
74 153 10
74 156 5
74 162 2
74 166 5
74 167 5
74 168 3
74 169 2
74 172 6
74 173 10
74 187 4
74 189 7
74 190 7
74 192 9
74 193 10
74 195 2
74 197 8
74 198 7
74 200 2
74 203 10
74 204 6
74 205 8
74 207 6
75 76 9
75 77 4
75 79 4
75 80 8
75 81 6
75 87 3
75 96 5
75 98 2
75 102 1
75 104 4
75 106 6
75 107 6
75 114 10
75 119 6
75 121 4
75 122 5
75 123 5
75 124 8
75 125 4
75 126 9
75 127 1
75 133 10
75 134 10
75 135 6
75 136 10
75 137 8
75 138 4
75 139 6
75 140 9
75 143 4
75 144 6
75 145 8
75 147 8
75 155 3
75 159 3
75 161 6
75 163 1
75 164 10
75 166 1
75 167 2
75 169 1
75 171 8
75 172 6
75 174 2
75 175 8
75 181 2
75 182 10
75 184 8
75 187 8
75 193 3
75 194 3
75 197 8
75 203 4
75 204 5
75 205 8
75 208 8
75 209 4
76 82 7
76 83 3
76 84 9
76 86 2
76 87 8
76 88 9
76 89 6
76 92 2
76 95 7
76 96 7
76 97 3
76 100 3
76 103 4
76 104 1
76 105 5
76 112 9
76 113 8
76 117 4
76 122 9
76 125 3
76 126 8
76 130 6
76 132 10
76 133 2
76 135 7
76 137 10
76 146 5
76 150 7
76 151 4
76 152 1
76 156 7
76 157 5
76 158 5
76 160 2
76 161 5
76 163 6
76 164 3
76 165 7
76 167 1
76 168 9
76 170 1
76 176 2
76 181 3
76 183 8
76 191 10
76 196 6
76 200 4
76 203 10
76 206 9
76 209 6
77 82 1
77 87 8
77 89 6
77 90 6
77 91 3
77 92 1
77 98 4
77 101 3
77 102 5
77 108 5
77 110 5
77 111 5
77 112 2
77 113 2
77 114 9
77 115 1
77 116 4
77 121 9
77 123 6
77 124 1
77 125 6
77 129 5
77 131 1
77 133 5
77 135 5
77 138 1
77 141 7
77 144 2
77 147 4
77 151 10
77 154 9
77 155 10
77 163 3
77 164 6
77 165 7
77 167 2
77 168 9
77 170 1
77 172 4
77 173 8
77 174 8
77 176 8
77 178 3
77 181 1
77 183 8
77 189 6
77 192 8
77 193 3
77 194 3
77 196 6
77 197 6
77 199 4
77 200 5
77 201 3
77 203 8
77 204 8
77 205 2
77 206 10
77 209 9
78 82 2
78 87 3
78 89 2
78 91 2
78 94 5
78 95 5
78 97 5
78 100 2
78 106 8
78 108 5
78 118 1
78 120 2
78 124 7
78 125 9
78 132 6
78 134 2
78 135 2
78 139 4
78 140 10
78 142 10
78 143 5
78 144 8
78 146 9
78 149 8
78 153 9
78 155 10
78 158 6
78 159 3
78 160 7
78 161 1
78 164 7
78 166 5
78 168 6
78 174 4
78 176 2
78 178 3
78 179 3
78 180 7
78 188 2
78 198 9
78 202 7
78 204 7
78 206 3
78 210 7
79 80 6
79 83 3
79 92 2
79 93 2
79 95 10
79 96 10
79 102 8
79 104 3
79 106 6
79 107 2
79 109 9
79 110 3
79 113 2
79 114 2
79 122 3
79 123 2
79 124 7
79 125 7
79 127 3
79 134 8
79 135 3
79 136 9
79 142 4
79 144 5
79 145 9
79 147 7
79 149 10
79 151 4
79 159 3
79 166 8
79 167 6
79 168 4
79 173 6
79 174 9
79 178 8
79 179 4
79 180 10
79 181 4
79 182 3
79 185 1
79 188 8
79 194 8
79 195 4
79 197 6
79 200 2
79 201 9
79 202 9
79 205 1
79 206 4
80 81 1
80 83 9
80 90 2
80 92 3
80 93 7
80 96 10
80 97 2
80 98 3
80 99 5
80 100 1
80 105 10
80 108 2
80 110 3
80 111 3
80 113 1
80 116 5
80 117 9
80 118 10
80 119 2
80 123 9
80 124 8
80 126 8
80 133 4
80 134 1
80 136 3
80 137 6
80 140 2
80 141 3
80 142 5
80 143 3
80 145 7
80 151 6
80 156 3
80 157 2
80 158 6
80 162 4
80 166 4
80 167 5
80 169 7
80 170 7
80 172 3
80 173 5
80 176 10
80 177 8
80 178 8
80 181 2
80 182 7
80 187 1
80 188 10
80 190 4
80 191 3
80 192 6
80 197 4
80 198 9
80 199 7
80 201 10
80 202 4
80 203 8
80 206 6
80 209 2
80 210 1
81 83 9
81 84 4
81 85 5
81 86 2
81 87 3
81 88 10
81 92 8
81 93 6
81 94 10
81 99 1
81 100 10
81 101 10
81 102 6
81 105 10
81 106 3
81 110 5
81 111 2
81 115 6
81 117 3
81 120 7
81 125 6
81 126 4
81 129 6
81 132 6
81 136 9
81 142 9
81 143 1
81 148 5
81 152 2
81 153 5
81 155 5
81 157 10
81 164 1
81 166 3
81 167 5
81 175 1
81 182 3
81 184 5
81 186 10
81 188 7
81 189 3
81 192 3
81 193 5
81 194 3
81 197 5
81 203 5
81 204 3
81 206 6
81 208 9
81 210 5
82 83 10
82 90 8
82 99 8
82 102 1
82 103 8
82 106 9
82 107 9
82 108 9
82 109 2
82 114 5
82 117 9
82 119 7
82 122 10
82 123 6
82 125 1
82 127 9
82 129 4
82 131 4
82 134 8
82 136 6
82 138 5
82 139 7
82 140 4
82 141 10
82 142 2
82 144 6
82 146 10
82 149 8
82 150 4
82 151 4
82 152 10
82 154 3
82 156 8
82 158 3
82 160 5
82 162 2
82 163 2
82 171 7
82 172 3
82 176 10
82 183 9
82 184 4
82 185 2
82 190 4
82 195 7
82 197 10
82 198 4
82 199 8
82 201 7
82 202 3
82 204 3
82 205 7
82 206 7
83 84 6
83 85 6
83 87 7
83 90 2
83 94 4
83 95 7
83 97 10
83 104 2
83 105 1
83 108 8
83 110 8
83 113 9
83 117 4
83 118 6
83 119 3
83 123 7
83 124 10
83 127 1
83 128 6
83 129 10
83 130 9
83 131 4
83 133 1
83 137 8
83 138 5
83 140 7
83 141 2
83 143 5
83 144 10
83 148 7
83 150 1
83 151 5
83 152 8
83 154 4
83 157 8
83 158 7
83 160 10
83 164 4
83 170 6
83 173 9
83 175 1
83 177 4
83 178 3
83 180 9
83 181 8
83 183 1
83 185 8
83 188 7
83 191 6
83 196 7
83 200 2
83 202 6
83 203 6
84 88 9
84 90 7
84 91 9
84 92 9
84 97 8
84 99 6
84 101 4
84 102 9
84 105 9
84 106 8
84 107 5
84 109 2
84 110 9
84 113 7
84 116 8
84 120 6
84 121 7
84 126 4
84 128 6
84 130 9
84 132 8
84 133 4
84 134 4
84 136 4
84 139 9
84 148 5
84 149 3
84 151 10
84 154 10
84 155 6
84 160 7
84 162 2
84 169 3
84 170 6
84 173 5
84 175 4
84 176 1
84 179 7
84 181 6
84 183 2
84 185 10
84 188 7
84 190 9
84 193 5
84 196 5
84 198 6
84 200 2
84 201 2
84 204 7
84 205 1
85 87 9
85 93 6
85 95 10
85 96 5
85 97 2
85 105 6
85 107 1
85 110 10
85 113 2
85 115 9
85 117 1
85 121 10
85 123 5
85 129 2
85 130 6
85 132 4
85 134 7
85 136 8
85 137 4
85 140 5
85 141 3
85 148 3
85 152 7
85 153 2
85 155 10
85 156 9
85 158 7
85 162 8
85 163 2
85 164 10
85 168 6
85 174 8
85 175 1
85 177 4
85 178 3
85 180 1
85 182 7
85 183 3
85 184 7
85 185 3
85 187 3
85 188 2
85 189 2
85 191 10
85 194 2
85 196 4
85 199 5
85 201 1
85 208 7
85 209 8
86 90 2
86 91 3
86 92 3
86 93 4
86 94 1
86 102 10
86 104 7
86 107 8
86 109 7
86 117 10
86 119 9
86 126 5
86 127 5
86 132 5
86 134 1
86 136 10
86 137 7
86 141 10
86 143 5
86 150 7
86 151 2
86 158 4
86 161 10
86 162 7
86 163 2
86 165 8
86 168 2
86 172 6
86 176 6
86 178 9
86 187 3
86 190 2
86 194 1
86 198 10
86 199 8
86 200 4
86 202 4
86 203 10
86 204 2
86 206 9
86 207 6
86 209 4
87 91 8
87 92 2
87 99 8
87 100 2
87 103 9
87 105 7
87 106 1
87 107 4
87 108 4
87 112 2
87 115 5
87 119 9
87 126 5
87 138 5
87 139 5
87 142 3
87 145 5
87 147 7
87 151 10
87 154 9
87 155 8
87 156 3
87 157 9
87 158 4
87 162 5
87 165 1
87 169 4
87 170 8
87 172 5
87 173 10
87 176 10
87 177 10
87 179 8
87 181 10
87 184 1
87 185 9
87 188 5
87 193 9
87 196 9
87 199 5
87 201 10
87 202 9
87 203 8
87 204 2
87 205 4
88 91 3
88 94 6
88 96 5
88 101 7
88 102 7
88 106 2
88 107 3
88 108 5
88 110 9
88 113 1
88 115 5
88 123 2
88 129 9
88 130 7
88 134 7
88 135 5
88 136 5
88 139 10
88 141 2
88 142 5
88 144 1
88 145 8
88 146 6
88 149 2
88 153 10
88 155 4
88 156 1
88 160 2
88 161 7
88 162 10
88 163 3
88 165 6
88 166 5
88 170 1
88 171 2
88 172 2
88 173 5
88 174 9
88 176 4
88 179 4
88 182 8
88 183 2
88 189 9
88 191 8
88 193 2
88 197 9
88 198 6
88 200 6
88 201 5
88 205 3
88 207 1
88 208 4
88 209 1
88 210 7
89 91 7
89 93 4
89 95 5
89 97 1
89 98 8
89 99 4
89 103 7
89 106 8
89 110 4
89 114 1
89 116 1
89 118 9
89 121 6
89 125 10
89 127 8
89 131 6
89 135 2
89 137 2
89 145 2
89 146 7
89 150 10
89 152 10
89 153 1
89 154 6
89 155 7
89 157 7
89 159 6
89 165 5
89 167 10
89 171 10
89 175 3
89 176 3
89 177 9
89 181 4
89 183 9
89 184 5
89 185 5
89 186 10
89 198 6
89 200 6
89 203 5
89 205 9
89 207 2
90 92 9
90 94 7
90 98 3
90 104 7
90 105 8
90 106 10
90 107 6
90 109 10
90 110 1
90 111 1
90 114 2
90 119 5
90 122 4
90 125 3
90 126 8
90 127 6
90 135 10
90 138 2
90 140 4
90 144 5
90 145 1
90 146 10
90 149 4
90 150 6
90 152 8
90 154 4
90 165 5
90 167 2
90 174 5
90 176 10
90 179 8
90 182 7
90 186 9
90 188 8
90 190 4
90 192 3
90 194 9
90 195 9
90 197 10
90 202 7
90 205 10
90 209 5
90 210 8
91 97 3
91 98 5
91 100 8
91 102 6
91 106 1
91 108 9
91 115 8
91 118 3
91 119 5
91 125 6
91 129 9
91 130 1
91 131 10
91 137 1
91 142 1
91 143 6
91 147 6
91 149 9
91 152 6
91 153 9
91 154 7
91 156 4
91 159 10
91 160 9
91 162 10
91 170 4
91 173 10
91 174 10
91 175 1
91 181 4
91 183 9
91 186 7
91 187 10
91 192 4
91 194 10
91 197 3
91 202 10
91 205 2
92 107 8
92 111 4
92 121 7
92 126 9
92 127 9
92 129 4
92 132 8
92 133 1
92 136 7
92 138 1
92 140 8
92 142 2
92 144 1
92 146 2
92 147 5
92 149 2
92 150 9
92 159 9
92 167 9
92 169 2
92 170 7
92 173 6
92 174 1
92 176 4
92 177 5
92 179 2
92 180 3
92 183 2
92 185 4
92 190 10
92 192 9
92 193 8
92 200 6
92 201 8
92 202 10
92 203 7
92 205 7
92 208 6
93 95 7
93 98 5
93 101 2
93 107 5
93 108 2
93 113 8
93 115 4
93 120 10
93 124 3
93 126 8
93 131 6
93 133 4
93 134 7
93 136 8
93 138 1
93 143 8
93 146 3
93 147 4
93 152 9
93 154 9
93 156 1
93 158 8
93 159 6
93 164 2
93 165 7
93 170 9
93 171 1
93 175 7
93 178 6
93 179 6
93 184 1
93 186 2
93 188 1
93 192 7
93 194 9
93 195 8
93 201 2
93 202 3
93 203 10
93 205 5
93 208 4
94 95 5
94 96 3
94 98 9
94 99 5
94 104 5
94 105 5
94 108 9
94 111 8
94 112 5
94 115 7
94 119 3
94 120 7
94 123 2
94 124 3
94 125 5
94 126 8
94 128 6
94 130 1
94 131 2
94 132 2
94 135 4
94 138 10
94 142 3
94 145 4
94 156 4
94 159 1
94 160 3
94 164 4
94 165 6
94 181 4
94 182 8
94 183 10
94 185 9
94 186 4
94 190 1
94 193 6
94 198 3
94 201 5
94 203 6
94 206 8
94 208 10
94 209 4
95 99 2
95 101 6
95 102 10
95 103 3
95 106 9
95 107 2
95 108 1
95 112 10
95 116 3
95 117 10
95 118 9
95 124 5
95 125 1
95 127 6
95 135 9
95 142 10
95 143 5
95 144 10
95 146 9
95 149 6
95 152 10
95 153 9
95 154 10
95 156 1
95 159 9
95 169 7
95 172 8
95 174 1
95 178 5
95 180 5
95 182 1
95 184 2
95 185 7
95 191 7
95 197 4
95 203 4
95 205 4
95 206 9
95 208 8
95 209 5
96 99 8
96 100 8
96 101 6
96 104 6
96 106 4
96 107 2
96 108 5
96 112 8
96 113 5
96 114 9
96 117 4
96 118 10
96 123 8
96 124 10
96 127 5
96 130 3
96 134 7
96 137 4
96 138 7
96 144 6
96 146 10
96 148 5
96 149 4
96 150 2
96 153 8
96 163 8
96 164 6
96 167 6
96 168 6
96 170 3
96 172 1
96 174 8
96 175 10
96 178 4
96 179 6
96 183 8
96 185 7
96 189 8
96 190 5
96 191 9
96 193 9
96 197 7
96 198 8
96 199 5
96 203 3
96 204 1
96 208 5
97 100 2
97 101 7
97 105 2
97 106 4
97 107 9
97 110 5
97 112 8
97 113 6
97 117 9
97 124 7
97 125 3
97 126 6
97 127 5
97 128 2
97 129 9
97 131 5
97 132 7
97 133 10
97 137 7
97 138 4
97 142 2
97 143 7
97 145 7
97 149 6
97 154 8
97 155 10
97 158 3
97 163 2
97 172 7
97 175 6
97 176 4
97 180 10
97 181 8
97 187 9
97 190 9
97 191 8
97 195 5
97 197 3
97 198 2
97 201 6
97 203 9
97 205 4
97 206 5
97 207 1
97 209 5
97 210 8
98 99 6
98 101 2
98 103 1
98 107 8
98 109 5
98 110 2
98 117 3
98 119 3
98 122 1
98 123 1
98 125 6
98 130 4
98 132 6
98 133 1
98 134 1
98 135 2
98 136 10
98 137 4
98 139 5
98 140 6
98 144 10
98 148 10
98 149 6
98 151 10
98 156 8
98 160 2
98 161 10
98 166 2
98 168 9
98 172 10
98 174 10
98 176 3
98 179 3
98 180 1
98 183 8
98 184 6
98 187 1
98 189 9
98 193 6
98 195 6
98 198 6
98 201 9
98 203 8
98 205 5
98 209 2
99 105 10
99 107 5
99 109 8
99 110 10
99 111 9
99 112 10
99 115 9
99 117 7
99 119 3
99 120 1
99 123 3
99 124 4
99 125 9
99 129 4
99 130 1
99 131 6
99 133 7
99 134 7
99 137 8
99 138 4
99 140 10
99 141 3
99 142 5
99 150 10
99 151 3
99 155 8
99 157 8
99 161 2
99 162 4
99 165 7
99 166 10
99 168 6
99 172 8
99 175 10
99 180 6
99 184 4
99 188 2
99 189 9
99 192 4
99 194 5
99 197 2
99 198 1
99 201 4
99 202 9
99 203 10
99 206 5
99 207 2
99 208 8
99 210 4
100 101 3
100 111 5
100 113 7
100 114 10
100 116 8
100 122 1
100 125 1
100 128 3
100 131 9
100 133 8
100 135 10
100 137 4
100 138 7
100 143 5
100 144 7
100 147 3
100 148 1
100 149 3
100 150 3
100 151 8
100 152 10
100 153 10
100 157 1
100 158 5
100 159 6
100 161 5
100 165 4
100 166 6
100 167 5
100 168 6
100 169 1
100 171 3
100 172 1
100 174 8
100 175 7
100 178 1
100 179 5
100 182 1
100 183 8
100 187 1
100 189 9
100 191 5
100 192 1
100 194 1
100 198 8
100 200 4
100 201 7
100 202 2
100 207 3
100 208 2
100 209 1
101 102 1
101 103 10
101 104 5
101 110 6
101 122 9
101 125 5
101 126 4
101 128 2
101 129 9
101 135 10
101 136 6
101 142 10
101 147 8
101 148 10
101 151 6
101 152 4
101 153 2
101 154 6
101 157 2
101 158 7
101 164 6
101 165 10
101 168 2
101 172 9
101 175 5
101 178 2
101 182 9
101 183 3
101 185 4
101 188 9
101 191 7
101 193 4
101 194 7
101 202 5
101 204 4
101 206 2
101 209 4
102 103 2
102 106 8
102 111 6
102 113 1
102 114 1
102 121 8
102 123 1
102 124 9
102 126 4
102 127 6
102 128 1
102 130 6
102 131 3
102 136 9
102 137 3
102 139 1
102 141 10
102 145 10
102 149 1
102 152 9
102 153 3
102 155 1
102 158 5
102 162 8
102 166 3
102 168 3
102 169 2
102 172 5
102 173 7
102 175 3
102 176 3
102 187 7
102 189 10
102 194 8
102 195 9
102 199 2
102 202 6
102 204 3
102 206 1
102 207 6
102 208 9
103 104 8
103 105 1
103 109 3
103 110 3
103 113 10
103 117 9
103 118 10
103 120 3
103 121 10
103 123 2
103 127 3
103 129 1
103 130 4
103 135 2
103 139 3
103 140 7
103 143 7
103 144 4
103 147 4
103 149 10
103 150 9
103 157 8
103 158 9
103 161 2
103 162 3
103 165 2
103 167 5
103 170 5
103 172 8
103 175 3
103 176 5
103 177 4
103 178 1
103 181 6
103 182 10
103 185 1
103 194 6
103 195 5
103 196 8
103 201 4
103 203 3
103 207 10
103 210 10
104 105 9
104 106 1
104 108 6
104 111 9
104 115 2
104 116 7
104 118 9
104 119 7
104 126 8
104 129 2
104 130 8
104 132 3
104 137 3
104 140 10
104 143 4
104 151 8
104 157 1
104 158 2
104 161 8
104 163 4
104 164 10
104 165 10
104 170 3
104 172 8
104 175 3
104 177 1
104 182 5
104 185 6
104 189 10
104 190 9
104 191 6
104 194 6
104 200 5
104 201 7
104 204 8
104 206 10
105 116 4
105 126 9
105 131 6
105 139 7
105 143 6
105 144 10
105 146 8
105 149 7
105 150 7
105 151 1
105 152 7
105 153 8
105 155 1
105 157 5
105 164 2
105 170 2
105 183 10
105 185 9
105 187 1
105 189 7
105 191 3
105 194 7
105 196 10
105 198 2
106 107 4
106 108 4
106 113 5
106 114 10
106 119 9
106 121 2
106 122 10
106 126 9
106 130 4
106 131 6
106 132 2
106 134 7
106 140 8
106 145 10
106 147 10
106 149 4
106 150 2
106 152 1
106 157 7
106 160 7
106 161 10
106 162 1
106 164 5
106 166 3
106 167 3
106 168 1
106 170 5
106 172 5
106 173 7
106 174 8
106 175 5
106 176 9
106 177 7
106 178 10
106 180 1
106 182 2
106 183 9
106 186 7
106 187 5
106 191 9
106 192 4
106 194 4
106 198 3
106 199 8
106 200 6
106 202 2
106 203 4
106 207 7
106 208 2
106 209 1
106 210 8
107 109 8
107 110 7
107 111 9
107 114 2
107 118 9
107 120 6
107 122 9
107 131 7
107 137 1
107 138 4
107 139 4
107 140 5
107 142 1
107 143 6
107 144 7
107 146 1
107 151 8
107 154 9
107 156 5
107 157 6
107 158 1
107 159 6
107 160 2
107 161 1
107 162 3
107 163 10
107 168 6
107 171 7
107 172 5
107 173 7
107 174 9
107 177 5
107 183 5
107 186 3
107 189 6
107 198 3
107 199 9
107 206 2
108 109 7
108 112 1
108 115 9
108 116 5
108 117 4
108 119 2
108 120 7
108 121 7
108 122 8
108 125 1
108 126 7
108 128 4
108 133 4
108 135 4
108 137 4
108 139 6
108 141 2
108 145 4
108 148 4
108 149 5
108 150 1
108 151 10
108 152 3
108 153 6
108 154 3
108 156 8
108 159 10
108 166 1
108 174 10
108 176 2
108 177 7
108 178 5
108 181 7
108 184 4
108 187 3
108 192 2
108 194 10
108 196 6
108 198 10
108 200 5
108 202 4
108 204 9
108 206 5
109 111 9
109 116 8
109 119 6
109 125 2
109 127 6
109 129 7
109 130 10
109 132 3
109 133 6
109 135 5
109 138 9
109 141 3
109 142 7
109 143 4
109 144 8
109 150 2
109 154 7
109 155 3
109 156 10
109 157 8
109 158 10
109 159 6
109 163 5
109 164 3
109 166 5
109 168 9
109 171 3
109 175 4
109 180 6
109 183 8
109 184 7
109 186 7
109 192 4
109 194 7
109 195 9
109 206 8
109 207 7
110 112 5
110 115 9
110 116 10
110 119 3
110 120 8
110 121 4
110 122 9
110 123 1
110 124 6
110 131 1
110 133 1
110 134 4
110 138 8
110 139 7
110 141 6
110 144 7
110 146 9
110 148 5
110 149 3
110 150 5
110 152 1
110 153 5
110 155 9
110 156 5
110 157 9
110 165 7
110 167 3
110 168 3
110 172 2
110 173 5
110 174 2
110 175 1
110 177 1
110 178 10
110 182 9
110 188 10
110 189 7
110 190 7
110 191 5
110 192 1
110 194 6
110 196 4
110 197 5
110 198 9
110 203 7
110 209 2
110 210 10
111 112 3
111 114 4
111 117 3
111 118 8
111 119 6
111 121 2
111 124 9
111 126 1
111 128 6
111 129 3
111 132 8
111 134 6
111 135 6
111 136 8
111 138 9
111 141 6
111 144 7
111 145 2
111 149 10
111 156 4
111 166 5
111 167 4
111 170 7
111 172 10
111 174 2
111 180 2
111 181 4
111 182 4
111 186 2
111 187 10
111 189 5
111 191 3
111 192 1
111 195 4
111 196 7
111 197 4
111 198 9
111 202 3
111 204 6
111 210 6
112 113 8
112 118 9
112 119 10
112 120 8
112 121 6
112 124 6
112 125 4
112 127 9
112 128 7
112 132 6
112 134 4
112 138 5
112 139 7
112 140 4
112 141 3
112 144 2
112 147 4
112 149 3
112 152 1
112 153 8
112 154 10
112 157 5
112 158 10
112 161 1
112 162 7
112 166 8
112 167 7
112 168 10
112 169 3
112 171 9
112 172 3
112 176 7
112 183 6
112 184 7
112 185 10
112 188 4
112 189 5
112 190 3
112 192 9
112 194 5
112 195 8
112 196 9
112 198 9
112 199 4
113 115 2
113 116 10
113 120 3
113 122 2
113 124 9
113 125 9
113 126 8
113 128 9
113 129 6
113 130 9
113 137 6
113 143 4
113 145 10
113 149 5
113 151 9
113 152 4
113 157 10
113 158 4
113 159 7
113 161 7
113 163 1
113 167 4
113 169 8
113 172 8
113 174 8
113 178 1
113 179 2
113 182 6
113 183 9
113 185 1
113 186 2
113 187 9
113 190 5
113 191 7
113 193 5
113 194 5
113 201 10
113 204 6
113 210 1
114 117 7
114 118 8
114 119 4
114 122 2
114 123 6
114 126 8
114 131 1
114 138 8
114 139 1
114 140 1
114 141 2
114 145 4
114 146 1
114 147 10
114 150 1
114 152 4
114 153 9
114 154 2
114 157 8
114 160 4
114 161 4
114 163 2
114 164 8
114 165 4
114 169 10
114 172 1
114 177 5
114 180 4
114 181 7
114 186 3
114 187 6
114 188 2
114 190 3
114 194 6
114 195 6
114 196 6
114 201 9
114 202 6
114 203 1
114 206 5
114 209 1
115 116 5
115 118 4
115 120 10
115 122 4
115 125 6
115 126 7
115 127 8
115 136 9
115 140 6
115 142 8
115 143 9
115 151 8
115 152 5
115 153 8
115 154 2
115 160 3
115 161 2
115 163 7
115 164 4
115 166 5
115 171 6
115 177 1
115 178 6
115 179 5
115 180 8
115 183 5
115 186 9
115 188 8
115 191 5
115 193 4
115 194 4
115 197 3
115 199 3
115 202 6
115 206 2
115 208 7
115 209 10
115 210 7
116 117 5
116 120 1
116 121 10
116 135 5
116 139 7
116 140 1
116 143 6
116 144 10
116 147 10
116 152 1
116 156 2
116 158 4
116 159 10
116 162 6
116 165 5
116 167 2
116 168 4
116 170 6
116 171 4
116 177 1
116 178 1
116 180 6
116 182 2
116 183 2
116 184 2
116 189 8
116 190 6
116 192 4
116 194 9
116 195 8
116 198 1
116 199 3
116 200 4
116 203 10
116 204 2
116 205 3
116 208 10
117 118 2
117 121 6
117 124 5
117 128 5
117 132 10
117 133 8
117 134 2
117 136 5
117 142 10
117 146 6
117 148 4
117 149 3
117 150 1
117 152 5
117 155 6
117 158 9
117 159 10
117 161 6
117 163 10
117 164 8
117 167 1
117 175 4
117 177 5
117 181 8
117 183 5
117 185 9
117 186 1
117 187 2
117 189 4
117 191 10
117 195 2
117 196 6
117 197 1
117 200 1
117 204 3
117 207 2
117 209 5
117 210 2
118 119 6
118 120 10
118 124 9
118 125 1
118 127 9
118 128 5
118 129 7
118 130 3
118 131 10
118 132 8
118 134 2
118 135 10
118 136 6
118 139 6
118 143 4
118 144 2
118 149 7
118 153 9
118 154 9
118 160 8
118 163 9
118 165 3
118 166 8
118 169 5
118 171 4
118 172 10
118 176 6
118 177 10
118 178 1
118 180 3
118 181 1
118 183 7
118 197 4
118 198 4
118 201 2
118 202 10
118 203 1
118 204 9
118 208 5
119 121 1
119 122 9
119 124 4
119 126 10
119 127 5
119 129 2
119 130 6
119 132 10
119 139 9
119 141 4
119 145 1
119 150 7
119 151 8
119 152 8
119 159 1
119 161 5
119 164 1
119 167 7
119 168 2
119 169 7
119 170 2
119 173 6
119 175 3
119 177 7
119 178 1
119 182 1
119 183 6
119 184 2
119 189 7
119 191 3
119 195 6
119 196 3
119 198 7
119 201 3
119 203 10
119 207 8
119 208 3
119 209 8
119 210 7
120 121 4
120 122 4
120 129 4
120 131 4
120 137 2
120 138 7
120 139 4
120 144 7
120 156 3
120 157 9
120 159 5
120 162 9
120 163 1
120 166 3
120 171 10
120 177 8
120 183 3
120 184 2
120 186 2
120 188 2
120 192 8
120 193 6
120 197 5
120 200 3
120 201 10
120 202 1
120 203 10
120 207 2
120 208 9
120 210 8
121 122 7
121 125 8
121 131 4
121 133 10
121 134 2
121 139 7
121 142 10
121 145 7
121 147 3
121 149 8
121 151 8
121 153 5
121 156 10
121 157 6
121 165 2
121 166 7
121 167 6
121 172 4
121 174 4
121 181 6
121 186 8
121 187 10
121 190 2
121 191 7
121 194 5
121 198 8
121 199 2
121 201 5
121 204 9
121 205 9
121 207 6
121 208 3
121 210 8
122 124 2
122 125 8
122 129 7
122 130 10
122 132 7
122 136 3
122 138 2
122 144 1
122 145 3
122 151 5
122 152 9
122 153 6
122 156 3
122 158 9
122 159 7
122 160 8
122 162 9
122 163 5
122 164 4
122 167 1
122 168 3
122 169 6
122 170 4
122 172 6
122 173 7
122 174 7
122 177 4
122 179 1
122 182 1
122 185 3
122 190 10
122 195 7
122 197 10
122 198 4
122 200 5
122 202 10
122 208 7
123 124 5
123 129 6
123 130 10
123 131 9
123 132 5
123 133 1
123 136 2
123 138 9
123 140 8
123 142 6
123 144 1
123 149 6
123 151 9
123 155 6
123 156 4
123 158 4
123 160 5
123 162 8
123 164 8
123 167 7
123 168 2
123 170 1
123 175 3
123 181 7
123 184 9
123 185 10
123 187 1
123 190 7
123 192 5
123 193 9
123 194 2
123 198 7
123 200 10
123 202 6
123 209 6
123 210 7
124 135 1
124 140 5
124 143 2
124 145 7
124 147 9
124 148 8
124 150 4
124 154 5
124 158 7
124 160 1
124 163 3
124 165 6
124 166 4
124 173 5
124 175 1
124 176 5
124 177 5
124 181 6
124 188 3
124 189 5
124 191 10
124 192 5
124 200 1
124 201 4
124 202 4
124 203 7
124 204 1
124 205 10
125 127 8
125 128 8
125 132 9
125 133 1
125 135 9
125 136 4
125 142 5
125 147 3
125 149 5
125 150 2
125 155 10
125 158 6
125 159 3
125 160 2
125 161 1
125 162 7
125 163 4
125 165 3
125 168 5
125 169 7
125 171 5
125 173 2
125 176 2
125 177 6
125 182 7
125 183 2
125 184 3
125 186 4
125 188 4
125 192 9
125 193 3
125 195 5
125 198 10
125 199 10
125 201 4
125 205 1
125 209 1
126 127 10
126 129 5
126 130 10
126 140 4
126 141 9
126 143 4
126 145 2
126 146 2
126 147 9
126 155 1
126 156 4
126 157 8
126 163 3
126 165 2
126 167 7
126 170 6
126 175 9
126 176 1
126 177 4
126 178 6
126 179 6
126 180 7
126 181 3
126 185 3
126 189 7
126 191 2
126 193 8
126 195 10
126 196 3
126 197 7
126 203 6
126 204 7
126 207 3
126 208 10
126 210 3
127 128 10
127 129 6
127 130 4
127 138 3
127 141 10
127 143 3
127 149 2
127 151 7
127 152 6
127 153 3
127 165 8
127 167 6
127 168 1
127 173 3
127 175 6
127 181 2
127 183 3
127 187 6
127 191 2
127 195 7
127 198 9
127 199 10
127 200 2
127 202 8
127 204 7
127 208 7
127 210 4
128 133 6
128 137 3
128 141 6
128 143 10
128 145 4
128 146 9
128 147 7
128 148 2
128 150 5
128 152 2
128 154 10
128 155 6
128 159 10
128 162 7
128 168 10
128 174 5
128 181 3
128 187 1
128 190 1
128 194 1
128 203 1
128 206 10
128 208 6
128 209 9
128 210 9
129 131 2
129 133 7
129 134 10
129 135 2
129 137 9
129 138 4
129 139 1
129 140 7
129 149 4
129 150 9
129 151 9
129 152 10
129 154 6
129 155 10
129 157 5
129 158 7
129 160 4
129 161 2
129 166 8
129 169 10
129 171 8
129 173 8
129 177 5
129 178 1
129 189 5
129 191 10
129 195 7
129 198 6
129 199 8
129 203 8
129 207 7
129 208 3
130 131 3
130 132 5
130 133 6
130 137 6
130 141 5
130 143 3
130 147 5
130 148 1
130 151 7
130 161 8
130 163 4
130 164 5
130 165 9
130 166 3
130 168 2
130 170 9
130 173 4
130 176 5
130 178 10
130 179 3
130 180 1
130 182 10
130 185 7
130 187 10
130 188 1
130 191 1
130 194 10
130 197 1
130 199 5
130 205 9
130 207 5
130 208 3
130 210 1
131 132 6
131 133 3
131 135 2
131 137 1
131 142 2
131 145 10
131 146 2
131 148 9
131 151 9
131 155 6
131 158 7
131 159 7
131 160 5
131 161 5
131 163 7
131 164 6
131 165 2
131 166 10
131 171 1
131 173 8
131 174 7
131 181 1
131 183 2
131 185 1
131 188 3
131 189 10
131 190 4
131 192 1
131 193 5
131 194 5
131 199 10
131 200 4
131 204 8
131 207 6
131 209 9
132 135 5
132 136 2
132 140 7
132 142 8
132 146 8
132 147 3
132 148 10
132 149 8
132 150 1
132 151 1
132 157 2
132 159 3
132 161 2
132 163 4
132 167 10
132 168 10
132 169 9
132 170 4
132 177 5
132 181 3
132 183 1
132 184 8
132 186 9
132 188 5
132 190 6
132 191 3
132 193 7
132 194 8
132 195 1
132 200 10
132 201 2
132 202 3
132 204 10
132 207 2
132 210 8
133 136 4
133 137 10
133 138 2
133 140 9
133 144 6
133 145 3
133 152 2
133 153 3
133 160 7
133 164 10
133 174 7
133 176 8
133 178 1
133 182 8
133 184 10
133 186 8
133 187 7
133 190 5
133 191 6
133 192 1
133 195 4
133 203 2
133 205 3
133 206 8
133 209 4
134 141 4
134 152 7
134 160 6
134 162 2
134 163 7
134 165 7
134 167 3
134 172 1
134 174 6
134 176 1
134 177 4
134 179 9
134 184 10
134 185 9
134 188 8
134 189 9
134 191 4
134 192 1
134 197 5
134 198 3
134 200 1
134 202 6
134 203 2
134 206 9
134 210 6
135 138 7
135 139 1
135 140 3
135 146 5
135 148 4
135 149 7
135 151 10
135 152 7
135 155 2
135 156 2
135 157 8
135 158 10
135 160 8
135 161 10
135 163 7
135 170 5
135 172 4
135 175 4
135 177 5
135 183 2
135 187 7
135 189 10
135 190 2
135 196 6
135 197 4
135 199 6
135 200 2
135 205 5
136 137 8
136 139 6
136 140 2
136 142 3
136 143 4
136 144 3
136 145 4
136 151 2
136 153 8
136 154 7
136 156 5
136 158 10
136 159 10
136 165 8
136 166 1
136 168 3
136 169 4
136 174 6
136 178 4
136 184 2
136 187 10
136 190 7
136 192 8
136 193 8
136 197 1
136 198 9
136 200 8
136 201 3
136 202 9
136 207 7
136 208 3
137 141 5
137 142 8
137 143 9
137 145 3
137 147 6
137 148 6
137 149 1
137 150 8
137 155 6
137 156 7
137 157 10
137 160 6
137 161 7
137 163 7
137 170 9
137 175 2
137 176 1
137 181 3
137 184 9
137 185 8
137 187 8
137 188 4
137 189 7
137 194 3
137 195 1
137 207 9
137 208 9
137 209 5
137 210 6
138 140 2
138 142 5
138 146 10
138 147 4
138 150 8
138 151 6
138 154 2
138 159 4
138 164 9
138 165 9
138 166 9
138 167 1
138 170 6
138 171 1
138 175 9
138 178 1
138 180 2
138 183 2
138 185 8
138 187 9
138 188 1
138 193 8
138 194 3
138 196 6
138 198 3
138 201 1
138 203 4
138 204 5
138 206 6
138 208 1
138 209 4
138 210 10
139 140 9
139 141 5
139 142 6
139 144 2
139 145 9
139 147 10
139 148 2
139 149 3
139 155 3
139 156 8
139 158 5
139 160 2
139 168 4
139 171 1
139 173 3
139 174 2
139 176 9
139 177 8
139 178 4
139 179 4
139 183 1
139 185 4
139 188 6
139 189 6
139 195 1
139 198 10
139 199 1
139 202 5
139 203 4
140 142 1
140 147 10
140 149 6
140 154 3
140 155 10
140 159 6
140 160 2
140 161 1
140 167 5
140 169 4
140 171 8
140 174 1
140 180 7
140 182 1
140 188 9
140 189 5
140 193 6
140 197 2
140 198 8
140 201 3
140 205 6
140 207 7
140 208 4
140 209 4
141 146 5
141 152 1
141 154 10
141 155 4
141 158 4
141 160 10
141 161 5
141 162 3
141 163 1
141 164 10
141 165 2
141 166 2
141 172 8
141 175 2
141 176 2
141 180 5
141 181 5
141 182 10
141 189 9
141 190 9
141 192 5
141 193 8
141 195 9
141 196 6
141 198 3
141 199 2
141 205 3
141 206 7
141 209 2
142 144 4
142 145 2
142 147 10
142 148 10
142 149 9
142 153 9
142 155 1
142 157 7
142 160 1
142 161 8
142 163 10
142 169 6
142 171 7
142 173 5
142 174 9
142 175 8
142 176 4
142 178 6
142 180 1
142 184 4
142 186 10
142 192 4
142 193 4
142 195 4
142 196 3
142 198 3
142 199 1
142 202 2
142 205 6
142 206 10
142 209 4
143 144 10
143 147 6
143 148 7
143 149 1
143 150 10
143 151 6
143 155 10
143 156 4
143 158 9
143 159 3
143 161 8
143 164 4
143 165 2
143 167 3
143 169 6
143 173 3
143 177 2
143 179 3
143 180 3
143 182 1
143 183 9
143 184 3
143 185 2
143 194 10
143 195 4
143 196 6
143 199 3
143 201 1
143 204 3
144 145 4
144 146 6
144 149 10
144 150 5
144 154 5
144 157 3
144 159 5
144 162 10
144 166 7
144 168 10
144 169 5
144 172 8
144 173 1
144 179 9
144 186 1
144 188 1
144 191 3
144 192 8
144 201 2
144 202 4
144 206 4
144 210 8
145 147 4
145 149 3
145 152 5
145 157 10
145 165 3
145 166 3
145 167 7
145 168 4
145 169 8
145 170 2
145 172 10
145 173 2
145 175 8
145 177 5
145 178 2
145 179 3
145 180 4
145 181 1
145 183 1
145 184 6
145 187 9
145 191 7
145 195 8
145 196 10
145 202 10
145 206 1
145 207 8
145 209 4
146 149 1
146 151 2
146 152 7
146 153 6
146 154 3
146 157 4
146 158 8
146 159 3
146 160 1
146 162 6
146 163 6
146 165 1
146 167 9
146 168 2
146 171 2
146 172 9
146 174 7
146 175 7
146 178 9
146 181 2
146 184 10
146 185 1
146 186 6
146 188 10
146 190 7
146 191 7
146 192 2
146 196 8
146 197 9
146 200 8
146 201 5
146 204 1
146 205 2
147 150 5
147 151 6
147 152 2
147 154 8
147 155 9
147 156 4
147 162 6
147 168 4
147 170 7
147 176 10
147 183 10
147 185 8
147 186 1
147 187 9
147 191 3
147 193 3
147 196 4
147 200 9
147 201 3
147 205 8
147 208 7
147 209 8
148 151 1
148 154 4
148 157 5
148 158 1
148 163 3
148 167 2
148 171 7
148 172 3
148 173 2
148 175 9
148 176 8
148 177 2
148 183 7
148 186 4
148 196 1
148 199 5
148 200 1
148 202 4
148 206 9
148 207 10
148 209 5
148 210 6
149 151 4
149 152 10
149 159 7
149 165 3
149 172 3
149 175 1
149 176 9
149 177 3
149 179 8
149 181 9
149 184 8
149 188 6
149 190 7
149 191 9
149 192 8
149 193 2
149 194 5
149 195 2
149 199 1
149 201 8
149 202 6
149 204 1
149 206 1
149 209 8
149 210 3
150 151 10
150 158 6
150 159 4
150 160 6
150 162 1
150 163 3
150 165 3
150 166 5
150 167 10
150 169 4
150 171 1
150 172 1
150 178 3
150 179 9
150 181 5
150 183 7
150 184 4
150 190 8
150 197 8
150 198 1
150 200 7
150 205 4
150 206 2
150 209 5
151 152 1
151 153 9
151 154 7
151 155 6
151 157 5
151 161 3
151 164 8
151 167 3
151 169 4
151 173 5
151 176 3
151 187 3
151 189 3
151 197 8
151 198 6
151 199 10
151 200 8
151 201 7
151 207 9
151 208 1
152 153 9
152 157 1
152 159 9
152 164 6
152 168 1
152 169 3
152 171 3
152 172 4
152 174 9
152 175 1
152 177 9
152 178 4
152 180 8
152 184 6
152 185 9
152 188 9
152 189 7
152 191 1
152 193 2
152 199 6
152 203 5
152 204 3
152 209 5
153 155 8
153 156 2
153 158 3
153 159 3
153 164 1
153 170 3
153 171 3
153 172 6
153 173 10
153 175 9
153 177 7
153 178 6
153 180 7
153 183 2
153 185 2
153 186 8
153 190 3
153 191 4
153 193 6
153 195 8
153 198 10
153 200 5
153 202 6
153 203 8
153 207 5
154 155 2
154 157 6
154 161 8
154 166 2
154 169 9
154 170 6
154 171 3
154 172 7
154 178 8
154 184 8
154 189 2
154 202 3
154 203 9
154 205 5
154 206 3
154 207 7
155 157 4
155 158 6
155 160 1
155 162 9
155 165 9
155 166 2
155 167 8
155 168 1
155 169 7
155 170 5
155 172 10
155 178 3
155 179 1
155 180 10
155 181 7
155 184 9
155 189 5
155 191 3
155 198 2
155 199 6
155 204 9
155 206 9
155 207 7
156 160 9
156 161 4
156 162 1
156 163 5
156 167 4
156 170 10
156 172 7
156 175 1
156 176 8
156 184 7
156 185 2
156 186 4
156 187 6
156 189 4
156 191 8
156 193 3
156 194 7
156 195 1
156 196 3
156 198 10
156 200 2
156 201 1
156 204 3
156 206 3
156 207 10
156 208 1
156 210 6
157 158 6
157 160 1
157 164 10
157 168 2
157 172 6
157 173 7
157 174 10
157 181 3
157 185 10
157 186 9
157 188 8
157 189 6
157 190 3
157 192 2
157 193 2
157 195 5
157 197 4
157 198 10
157 200 7
157 201 1
157 202 1
157 203 1
157 206 2
157 207 9
158 159 8
158 161 9
158 163 10
158 164 8
158 166 2
158 172 5
158 173 10
158 175 2
158 176 5
158 181 5
158 183 9
158 190 5
158 191 8
158 197 9
158 208 3
159 160 2
159 161 9
159 162 1
159 164 9
159 165 6
159 169 3
159 173 7
159 174 3
159 179 5
159 181 6
159 182 5
159 183 10
159 185 4
159 186 6
159 188 6
159 192 3
159 199 9
159 200 7
159 205 1
159 207 9
159 208 7
159 209 2
160 164 3
160 166 8
160 171 5
160 172 1
160 175 6
160 176 2
160 186 10
160 190 7
160 196 3
160 197 5
160 199 8
160 205 5
160 207 8
160 208 9
161 162 7
161 164 4
161 166 9
161 170 8
161 174 8
161 175 7
161 177 3
161 178 4
161 181 10
161 183 10
161 184 8
161 185 4
161 186 2
161 188 2
161 190 8
161 192 5
161 195 5
161 197 1
161 201 5
161 202 9
161 204 2
161 207 10
161 210 8
162 167 7
162 168 5
162 169 4
162 171 7
162 173 3
162 175 7
162 180 7
162 187 9
162 190 7
162 195 10
162 197 1
162 201 5
162 204 1
162 206 3
162 209 8
163 164 5
163 165 3
163 173 9
163 174 5
163 177 9
163 179 1
163 180 6
163 182 7
163 185 1
163 188 9
163 190 2
163 191 6
163 193 8
163 196 10
163 201 8
163 202 4
163 203 4
163 207 5
163 208 6
163 209 1
163 210 8
164 167 2
164 170 5
164 174 4
164 178 10
164 180 5
164 182 5
164 183 5
164 187 6
164 190 8
164 191 3
164 193 3
164 201 8
164 202 5
164 206 10
164 208 3
165 166 9
165 167 4
165 168 8
165 169 5
165 170 2
165 171 6
165 174 1
165 179 5
165 181 8
165 193 8
165 199 9
165 201 5
165 202 6
165 206 5
165 208 10
165 209 2
165 210 5
166 169 3
166 171 10
166 172 4
166 174 3
166 176 6
166 177 9
166 180 2
166 185 9
166 186 9
166 192 9
166 193 3
166 201 9
166 203 10
166 209 9
166 210 6
167 168 3
167 170 10
167 173 3
167 177 5
167 178 6
167 179 4
167 181 9
167 184 1
167 187 5
167 188 9
167 192 5
167 194 9
167 196 9
167 199 6
167 201 9
167 202 8
167 203 8
167 207 6
167 209 8
168 171 5
168 173 2
168 174 7
168 177 1
168 179 6
168 180 1
168 185 6
168 188 4
168 190 3
168 194 3
168 198 2
168 202 9
168 206 4
168 207 8
168 208 9
168 209 5
169 170 6
169 171 4
169 172 1
169 173 9
169 174 2
169 175 8
169 176 3
169 179 4
169 181 8
169 182 6
169 183 7
169 185 8
169 186 9
169 187 7
169 188 4
169 189 3
169 191 7
169 192 2
169 193 4
169 196 4
169 198 5
169 201 10
169 204 6
169 205 6
169 206 3
169 208 10
169 209 7
170 172 1
170 173 3
170 176 7
170 181 1
170 184 8
170 185 4
170 187 6
170 188 7
170 189 10
170 190 9
170 195 9
170 200 1
170 201 4
170 202 4
170 204 4
170 207 2
171 173 8
171 174 9
171 179 6
171 181 8
171 187 7
171 188 9
171 189 8
171 190 3
171 191 4
171 192 1
171 193 10
171 194 4
171 198 4
171 201 6
171 207 8
171 210 6
172 180 5
172 181 6
172 184 6
172 187 1
172 188 6
172 192 7
172 194 4
172 195 8
172 197 3
172 200 7
172 203 5
172 205 10
172 207 7
173 177 9
173 178 4
173 185 4
173 186 9
173 187 4
173 188 4
173 189 3
173 195 4
173 198 10
173 200 1
173 201 4
173 203 2
173 206 1
174 184 3
174 191 1
174 194 9
174 196 10
174 199 3
174 207 6
174 208 10
174 210 6
175 181 3
175 182 8
175 185 9
175 186 8
175 191 2
175 192 3
175 194 8
175 196 8
175 200 3
175 201 4
175 206 2
175 210 8
176 177 8
176 186 4
176 188 5
176 190 2
176 192 2
176 193 4
176 197 10
176 198 1
176 202 3
176 206 9
177 178 6
177 188 2
177 189 3
177 190 2
177 193 1
177 194 1
177 201 5
177 203 10
177 204 6
177 207 1
177 210 6
178 179 4
178 180 3
178 182 9
178 183 7
178 185 3
178 188 2
178 189 5
178 191 8
178 194 1
178 197 3
178 198 6
178 199 4
178 203 8
178 207 7
178 208 6
178 209 2
179 180 4
179 181 5
179 182 8
179 184 5
179 186 2
179 190 4
179 191 8
179 193 5
179 197 9
179 202 3
179 203 9
179 206 10
179 209 2
180 181 5
180 182 7
180 190 5
180 192 2
180 193 8
180 194 8
180 201 7
180 205 9
180 207 9
181 182 8
181 184 8
181 188 2
181 192 9
181 196 4
181 200 4
181 201 7
181 204 9
181 205 8
181 208 3
181 209 8
182 184 8
182 186 1
182 188 10
182 189 10
182 192 10
182 193 5
182 195 3
182 198 8
182 199 8
182 201 5
182 202 2
182 205 10
182 207 9
182 209 4
183 184 9
183 185 1
183 189 5
183 196 10
183 197 3
183 198 8
183 199 7
183 202 4
183 204 2
183 205 4
183 207 4
183 208 10
183 210 8
184 185 9
184 186 2
184 189 10
184 192 1
184 194 5
184 197 2
184 203 5
184 205 3
184 210 1
185 191 3
185 193 3
185 197 4
185 198 4
185 199 4
185 204 6
185 207 7
186 188 1
186 192 5
186 193 10
186 195 4
186 200 3
186 205 8
186 210 9
187 190 2
187 191 5
187 194 7
187 199 3
187 200 5
187 201 1
187 202 6
187 203 7
187 205 4
187 210 1
188 190 8
188 191 4
188 192 5
188 193 2
188 194 4
188 197 2
188 198 3
188 199 6
188 200 4
188 201 2
188 203 6
188 204 9
188 208 10
189 190 10
189 192 1
189 193 6
189 200 1
189 205 3
189 206 4
189 207 4
189 209 9
189 210 2
190 192 5
190 193 2
190 196 8
190 197 9
190 200 5
190 202 10
190 206 3
190 207 6
190 208 1
191 197 2
191 202 1
191 203 1
192 194 3
192 198 10
192 199 5
192 201 2
192 203 7
192 205 7
193 195 9
193 196 1
193 201 7
193 202 1
193 203 1
193 206 3
193 210 7
194 195 9
194 198 7
194 203 4
194 205 5
194 206 4
194 207 4
194 210 1
195 196 5
195 197 10
195 198 4
195 199 6
195 200 7
195 201 8
195 202 7
195 209 5
196 200 8
196 201 6
196 203 8
196 205 9
196 207 8
196 208 3
197 199 4
197 202 7
197 203 5
197 204 10
197 207 9
197 208 3
197 209 3
197 210 10
198 200 5
198 201 2
198 203 5
198 206 3
198 209 10
199 200 3
199 202 3
199 203 3
199 206 8
199 207 6
199 208 3
199 209 9
200 201 5
200 204 7
201 205 6
201 206 2
201 208 9
201 209 1
201 210 6
202 204 10
202 207 1
203 207 10
204 207 6
205 208 2
205 209 10
207 208 1
207 209 5
209 210 10
