695
1 2 4
1 4 8
1 5 2
1 7 8
1 8 4
1 14 3
1 18 6
1 20 10
1 21 6
1 22 5
1 26 9
1 27 2
1 30 3
1 31 6
1 33 9
1 36 10
1 37 4
1 38 9
1 52 9
1 54 10
1 55 5
1 56 10
1 57 5
2 4 1
2 9 9
2 10 9
2 11 8
2 13 10
2 14 5
2 15 9
2 18 9
2 19 10
2 21 6
2 22 9
2 26 6
2 29 2
2 35 10
2 37 7
2 38 2
2 39 1
2 41 8
2 42 7
2 49 3
2 50 7
2 53 9
2 54 5
2 57 2
3 4 10
3 6 10
3 7 10
3 8 9
3 9 5
3 13 1
3 15 4
3 19 3
3 23 3
3 25 9
3 32 2
3 33 9
3 35 2
3 38 10
3 40 5
3 46 6
3 48 8
3 49 5
3 51 7
3 56 9
4 6 8
4 8 3
4 11 10
4 13 9
4 14 5
4 19 10
4 21 10
4 23 2
4 24 6
4 25 8
4 26 4
4 32 1
4 33 3
4 39 6
4 40 2
4 45 4
4 46 3
4 52 4
4 56 4
4 58 7
5 6 9
5 14 5
5 15 6
5 23 8
5 26 1
5 27 2
5 30 5
5 33 1
5 34 2
5 35 1
5 37 6
5 39 2
5 40 1
5 46 6
5 48 5
5 49 1
5 50 3
5 51 4
5 52 10
5 53 4
5 58 5
6 10 1
6 11 8
6 13 6
6 18 8
6 20 3
6 23 1
6 26 6
6 32 6
6 33 7
6 34 8
6 35 6
6 38 5
6 43 3
6 46 8
6 47 1
6 48 2
7 10 2
7 11 8
7 13 3
7 16 10
7 17 3
7 19 2
7 23 6
7 24 1
7 30 2
7 32 4
7 34 1
7 35 1
7 38 7
7 40 2
7 42 7
7 47 4
7 50 1
7 52 6
7 57 1
7 58 4
7 60 8
8 13 4
8 14 7
8 16 2
8 17 7
8 22 10
8 23 3
8 24 1
8 25 9
8 27 8
8 28 2
8 29 2
8 30 7
8 31 1
8 32 8
8 36 2
8 45 2
8 46 7
8 47 1
8 48 2
8 51 2
8 54 3
8 55 9
8 56 4
9 10 8
9 12 9
9 14 5
9 19 7
9 21 1
9 22 9
9 23 10
9 24 8
9 25 5
9 26 1
9 30 4
9 31 1
9 32 1
9 33 9
9 35 3
9 36 7
9 37 8
9 41 2
9 46 3
9 49 8
9 58 4
9 59 2
9 60 4
10 18 10
10 19 5
10 20 8
10 25 8
10 28 1
10 30 9
10 32 5
10 33 7
10 34 5
10 35 5
10 38 6
10 43 1
10 44 1
10 52 6
10 53 8
10 59 10
11 12 8
11 14 8
11 18 6
11 20 10
11 22 2
11 23 2
11 28 7
11 29 10
11 36 4
11 39 7
11 41 6
11 43 10
11 46 4
11 47 4
11 49 5
11 53 2
11 55 10
12 13 3
12 14 9
12 16 3
12 17 7
12 19 9
12 24 8
12 26 8
12 27 2
12 28 9
12 29 5
12 36 3
12 38 4
12 41 3
12 44 8
12 46 9
12 47 3
12 48 2
12 49 10
12 52 9
12 53 9
12 54 1
12 56 2
13 14 9
13 15 7
13 16 3
13 23 6
13 26 8
13 27 4
13 28 2
13 34 8
13 35 7
13 36 3
13 37 3
13 38 4
13 39 8
13 41 2
13 42 5
13 45 5
13 50 1
13 51 4
13 52 6
13 54 1
13 56 5
13 58 4
14 17 1
14 18 4
14 19 3
14 20 7
14 22 1
14 26 8
14 27 7
14 29 1
14 31 5
14 33 10
14 34 2
14 38 4
14 40 7
14 41 5
14 42 5
14 46 10
14 51 5
14 52 2
14 56 3
14 59 4
15 16 2
15 24 7
15 25 5
15 26 1
15 31 7
15 35 8
15 36 5
15 39 10
15 40 10
15 44 4
15 45 3
15 46 10
15 50 3
15 55 10
15 57 1
15 58 2
16 18 8
16 19 9
16 20 2
16 26 5
16 27 6
16 28 10
16 33 2
16 38 4
16 43 10
16 44 4
16 47 8
16 50 2
16 55 3
16 59 9
17 18 3
17 21 2
17 25 1
17 27 6
17 28 3
17 29 5
17 31 1
17 32 7
17 33 6
17 35 6
17 45 1
17 50 6
17 51 8
17 52 2
17 54 3
17 55 4
17 58 6
17 59 1
17 60 6
18 19 1
18 20 4
18 21 9
18 22 1
18 23 3
18 32 6
18 33 2
18 35 6
18 36 10
18 37 5
18 43 9
18 44 6
18 48 6
18 50 4
18 51 2
18 52 10
18 54 9
18 55 2
18 56 10
18 58 7
19 27 10
19 28 4
19 30 9
19 31 5
19 32 5
19 38 5
19 39 8
19 42 3
19 44 7
19 50 2
19 53 9
19 55 3
19 56 4
20 24 8
20 29 5
20 31 7
20 32 4
20 36 1
20 37 4
20 38 8
20 42 1
20 46 9
20 49 7
20 52 6
20 53 1
20 56 6
20 57 7
21 22 6
21 24 5
21 25 6
21 27 6
21 28 10
21 31 4
21 34 2
21 35 1
21 39 7
21 40 8
21 41 7
21 42 3
21 44 2
21 45 1
21 46 2
21 47 9
21 49 4
21 55 5
21 56 3
21 60 6
22 26 9
22 28 8
22 33 4
22 35 3
22 38 6
22 47 7
22 48 9
22 49 8
22 50 7
22 51 7
22 53 2
22 55 5
22 59 2
23 26 1
23 28 8
23 30 2
23 32 7
23 39 10
23 42 2
23 46 6
23 47 5
23 50 6
23 52 4
23 54 3
23 56 6
24 28 3
24 34 4
24 35 10
24 36 10
24 38 10
24 39 10
24 41 5
24 43 3
24 44 9
24 46 9
24 47 3
24 56 6
24 60 6
25 27 1
25 29 6
25 30 5
25 32 1
25 33 1
25 34 7
25 36 4
25 39 7
25 40 4
25 45 2
25 46 4
25 48 10
25 50 6
25 51 8
25 53 2
25 54 1
25 57 5
26 27 8
26 31 6
26 33 6
26 38 8
26 40 2
26 42 1
26 45 3
26 48 7
26 49 1
26 50 3
26 55 4
26 56 2
26 57 2
27 30 4
27 31 6
27 32 1
27 36 6
27 39 9
27 43 7
27 45 8
27 46 10
27 50 2
27 51 9
27 52 6
27 58 6
27 60 6
28 35 2
28 38 8
28 39 3
28 42 10
28 45 5
28 49 6
28 53 10
28 54 3
28 58 8
28 59 7
29 34 7
29 35 9
29 40 4
29 43 6
29 46 3
29 48 6
29 49 1
29 52 2
29 54 7
29 57 4
29 59 4
30 31 8
30 32 1
30 33 5
30 34 6
30 38 4
30 43 4
30 47 3
30 48 6
30 50 3
30 56 6
30 57 2
30 59 3
30 60 10
31 36 7
31 37 3
31 39 6
31 41 1
31 46 8
31 50 10
31 51 5
31 54 3
31 58 4
31 59 5
32 33 6
32 34 10
32 38 4
32 42 1
32 44 1
32 46 10
32 49 3
32 50 1
32 52 8
32 53 5
32 54 7
32 56 9
32 58 1
32 59 4
33 37 8
33 39 3
33 40 2
33 41 7
33 44 1
33 45 5
33 48 5
33 51 7
33 54 10
33 55 3
33 59 1
34 36 3
34 37 7
34 40 3
34 44 1
34 45 8
34 49 1
34 50 10
34 52 6
34 54 6
34 56 9
34 58 5
34 60 10
35 38 6
35 40 6
35 43 8
35 49 4
35 53 10
35 55 2
35 59 5
36 37 3
36 42 6
36 43 5
36 45 4
36 49 4
36 50 2
36 52 6
36 54 7
36 55 5
36 57 7
36 59 2
36 60 5
37 38 2
37 44 6
37 45 1
37 46 2
37 47 10
37 52 7
37 55 10
37 57 8
37 58 3
38 39 2
38 40 2
38 41 2
38 42 4
38 46 4
38 47 10
38 49 10
38 52 5
38 53 7
38 56 10
38 57 10
39 41 2
39 42 3
39 43 8
39 44 3
39 45 9
39 49 2
39 51 5
39 54 8
39 55 2
39 56 9
40 41 4
40 42 2
40 46 4
40 49 5
40 52 8
40 56 7
40 57 3
40 59 1
40 60 3
41 43 7
41 44 6
41 45 6
41 46 1
41 48 3
41 50 8
41 51 6
41 54 3
41 56 8
41 57 8
41 58 5
42 44 7
42 46 10
42 47 1
42 48 8
42 51 7
42 55 3
42 56 10
42 59 6
43 45 1
43 48 9
43 49 1
43 50 8
43 51 5
43 53 3
43 54 2
43 57 3
43 58 5
43 60 9
44 45 8
44 46 6
44 48 10
44 53 1
44 55 7
44 56 10
44 59 8
45 46 4
45 50 2
45 52 8
45 55 6
45 59 8
46 49 10
46 52 10
47 48 6
47 54 1
47 56 3
47 60 6
48 49 5
48 50 6
48 52 8
48 55 4
48 57 2
48 59 2
48 60 9
49 51 3
49 56 5
50 51 5
50 55 8
51 53 1
51 55 6
51 56 3
51 58 10
52 59 2
53 54 1
53 56 7
54 57 9
54 59 10
55 57 8
55 58 9
56 57 6
57 60 7
