5995
1 2 8
1 3 6
1 4 1
1 5 6
1 6 10
1 7 1
1 8 1
1 9 3
1 10 8
1 11 2
1 12 10
1 13 5
1 14 2
1 15 2
1 16 3
1 17 2
1 18 5
1 19 7
1 20 5
1 21 3
1 22 10
1 23 6
1 24 6
1 25 2
1 26 5
1 27 4
1 28 6
1 29 6
1 30 8
1 31 5
1 32 9
1 33 10
1 34 8
1 35 4
1 36 1
1 37 3
1 38 8
1 39 5
1 40 3
1 41 8
1 42 5
1 43 4
1 44 5
1 45 9
1 46 4
1 47 1
1 48 8
1 49 10
1 50 1
1 51 2
1 52 2
1 53 1
1 54 8
1 55 5
1 56 2
1 57 8
1 58 8
1 59 8
1 60 3
1 61 5
1 62 6
1 63 4
1 64 5
1 65 4
1 66 6
1 67 1
1 68 5
1 69 6
1 70 3
1 71 3
1 72 9
1 73 2
1 74 7
1 75 5
1 76 1
1 77 7
1 78 4
1 79 4
1 80 7
1 81 6
1 82 2
1 83 10
1 84 4
1 85 8
1 86 2
1 87 2
1 88 6
1 89 7
1 90 5
1 91 3
1 92 8
1 93 1
1 94 8
1 95 9
1 96 2
1 97 3
1 98 9
1 99 6
1 100 9
1 101 5
1 102 2
1 103 9
1 104 8
1 105 10
1 106 8
1 107 8
1 108 6
1 109 4
1 110 1
2 3 1
2 4 7
2 5 10
2 6 3
2 7 3
2 8 4
2 9 10
2 10 6
2 11 3
2 12 7
2 13 10
2 14 1
2 15 10
2 16 2
2 17 4
2 18 6
2 19 2
2 20 4
2 21 3
2 22 4
2 23 5
2 24 2
2 25 3
2 26 10
2 27 4
2 28 1
2 29 7
2 30 4
2 31 6
2 32 9
2 33 5
2 34 3
2 35 2
2 36 5
2 37 1
2 38 10
2 39 9
2 40 5
2 41 1
2 42 8
2 43 4
2 44 8
2 45 8
2 46 5
2 47 2
2 48 4
2 49 10
2 50 5
2 51 9
2 52 7
2 53 6
2 54 9
2 55 8
2 56 8
2 57 8
2 58 4
2 59 6
2 60 3
2 61 8
2 62 1
2 63 1
2 64 10
2 65 6
2 66 6
2 67 9
2 68 2
2 69 5
2 70 3
2 71 6
2 72 9
2 73 3
2 74 7
2 75 2
2 76 1
2 77 6
2 78 8
2 79 4
2 80 9
2 81 10
2 82 7
2 83 3
2 84 7
2 85 6
2 86 8
2 87 9
2 88 2
2 89 6
2 90 10
2 91 9
2 92 10
2 93 4
2 94 7
2 95 7
2 96 5
2 97 3
2 98 3
2 99 4
2 100 2
2 101 4
2 102 2
2 103 2
2 104 6
2 105 1
2 106 2
2 107 7
2 108 2
2 109 5
2 110 7
3 4 7
3 5 7
3 6 6
3 7 2
3 8 7
3 9 3
3 10 2
3 11 7
3 12 9
3 13 1
3 14 10
3 15 10
3 16 6
3 17 6
3 18 4
3 19 7
3 20 2
3 21 9
3 22 4
3 23 3
3 24 4
3 25 1
3 26 3
3 27 6
3 28 5
3 29 7
3 30 8
3 31 6
3 32 9
3 33 10
3 34 9
3 35 8
3 36 3
3 37 4
3 38 2
3 39 9
3 40 8
3 41 2
3 42 3
3 43 8
3 44 2
3 45 9
3 46 3
3 47 5
3 48 8
3 49 4
3 50 2
3 51 4
3 52 1
3 53 9
3 54 6
3 55 5
3 56 3
3 57 8
3 58 7
3 59 10
3 60 1
3 61 10
3 62 8
3 63 9
3 64 4
3 65 5
3 66 5
3 67 8
3 68 6
3 69 8
3 70 5
3 71 4
3 72 7
3 73 7
3 74 9
3 75 3
3 76 8
3 77 5
3 78 4
3 79 2
3 80 7
3 81 9
3 82 2
3 83 8
3 84 10
3 85 3
3 86 4
3 87 6
3 88 10
3 89 5
3 90 4
3 91 3
3 92 5
3 93 8
3 94 4
3 95 4
3 96 9
3 97 4
3 98 8
3 99 8
3 100 5
3 101 8
3 102 7
3 103 10
3 104 1
3 105 10
3 106 10
3 107 10
3 108 1
3 109 2
3 110 4
4 5 5
4 6 1
4 7 8
4 8 3
4 9 10
4 10 6
4 11 2
4 12 7
4 13 3
4 14 7
4 15 4
4 16 9
4 17 5
4 18 6
4 19 1
4 20 8
4 21 5
4 22 4
4 23 3
4 24 10
4 25 1
4 26 6
4 27 1
4 28 4
4 29 6
4 30 8
4 31 3
4 32 5
4 33 3
4 34 10
4 35 4
4 36 9
4 37 1
4 38 3
4 39 8
4 40 6
4 41 4
4 42 6
4 43 3
4 44 9
4 45 3
4 46 4
4 47 9
4 48 4
4 49 3
4 50 10
4 51 7
4 52 3
4 53 9
4 54 6
4 55 8
4 56 3
4 57 7
4 58 7
4 59 9
4 60 1
4 61 5
4 62 3
4 63 9
4 64 4
4 65 6
4 66 10
4 67 1
4 68 8
4 69 7
4 70 8
4 71 5
4 72 9
4 73 9
4 74 2
4 75 5
4 76 10
4 77 5
4 78 5
4 79 9
4 80 5
4 81 6
4 82 4
4 83 7
4 84 1
4 85 7
4 86 6
4 87 10
4 88 1
4 89 8
4 90 10
4 91 8
4 92 10
4 93 1
4 94 4
4 95 2
4 96 6
4 97 5
4 98 2
4 99 3
4 100 5
4 101 10
4 102 7
4 103 1
4 104 4
4 105 4
4 106 4
4 107 7
4 108 4
4 109 6
4 110 8
5 6 8
5 7 4
5 8 4
5 9 8
5 10 4
5 11 10
5 12 5
5 13 2
5 14 3
5 15 8
5 16 5
5 17 4
5 18 7
5 19 8
5 20 1
5 21 10
5 22 4
5 23 10
5 24 8
5 25 5
5 26 10
5 27 5
5 28 8
5 29 3
5 30 5
5 31 3
5 32 2
5 33 3
5 34 10
5 35 8
5 36 9
5 37 3
5 38 9
5 39 8
5 40 8
5 41 10
5 42 3
5 43 5
5 44 4
5 45 6
5 46 2
5 47 6
5 48 4
5 49 7
5 50 8
5 51 1
5 52 7
5 53 1
5 54 3
5 55 2
5 56 7
5 57 10
5 58 8
5 59 7
5 60 1
5 61 1
5 62 1
5 63 8
5 64 7
5 65 1
5 66 7
5 67 3
5 68 8
5 69 9
5 70 6
5 71 5
5 72 3
5 73 5
5 74 4
5 75 1
5 76 1
5 77 7
5 78 6
5 79 5
5 80 10
5 81 10
5 82 3
5 83 3
5 84 9
5 85 8
5 86 3
5 87 4
5 88 9
5 89 4
5 90 9
5 91 10
5 92 8
5 93 4
5 94 4
5 95 4
5 96 9
5 97 7
5 98 4
5 99 8
5 100 4
5 101 1
5 102 9
5 103 4
5 104 1
5 105 1
5 106 1
5 107 1
5 108 9
5 109 3
5 110 4
6 7 3
6 8 7
6 9 6
6 10 1
6 11 2
6 12 6
6 13 2
6 14 2
6 15 6
6 16 9
6 17 1
6 18 1
6 19 9
6 20 8
6 21 6
6 22 4
6 23 1
6 24 4
6 25 3
6 26 4
6 27 5
6 28 7
6 29 10
6 30 2
6 31 6
6 32 5
6 33 4
6 34 8
6 35 1
6 36 5
6 37 2
6 38 5
6 39 5
6 40 10
6 41 2
6 42 1
6 43 5
6 44 4
6 45 9
6 46 2
6 47 6
6 48 10
6 49 7
6 50 10
6 51 10
6 52 2
6 53 9
6 54 1
6 55 5
6 56 3
6 57 3
6 58 1
6 59 9
6 60 6
6 61 9
6 62 10
6 63 1
6 64 8
6 65 1
6 66 9
6 67 10
6 68 9
6 69 3
6 70 2
6 71 5
6 72 5
6 73 1
6 74 5
6 75 7
6 76 6
6 77 10
6 78 3
6 79 9
6 80 1
6 81 3
6 82 4
6 83 7
6 84 5
6 85 6
6 86 2
6 87 7
6 88 3
6 89 7
6 90 9
6 91 3
6 92 2
6 93 10
6 94 2
6 95 3
6 96 4
6 97 5
6 98 2
6 99 2
6 100 5
6 101 8
6 102 4
6 103 9
6 104 3
6 105 6
6 106 3
6 107 1
6 108 5
6 109 7
6 110 6
7 8 10
7 9 5
7 10 8
7 11 7
7 12 3
7 13 10
7 14 7
7 15 7
7 16 1
7 17 3
7 18 9
7 19 7
7 20 10
7 21 4
7 22 3
7 23 5
7 24 8
7 25 6
7 26 4
7 27 8
7 28 10
7 29 2
7 30 7
7 31 6
7 32 3
7 33 8
7 34 10
7 35 1
7 36 3
7 37 8
7 38 3
7 39 7
7 40 1
7 41 10
7 42 5
7 43 2
7 44 3
7 45 5
7 46 10
7 47 3
7 48 8
7 49 4
7 50 9
7 51 10
7 52 5
7 53 1
7 54 7
7 55 10
7 56 9
7 57 6
7 58 1
7 59 9
7 60 4
7 61 9
7 62 5
7 63 10
7 64 5
7 65 10
7 66 10
7 67 5
7 68 2
7 69 10
7 70 9
7 71 8
7 72 4
7 73 4
7 74 3
7 75 3
7 76 8
7 77 5
7 78 6
7 79 10
7 80 5
7 81 9
7 82 9
7 83 9
7 84 3
7 85 9
7 86 9
7 87 3
7 88 7
7 89 10
7 90 6
7 91 1
7 92 4
7 93 8
7 94 10
7 95 7
7 96 8
7 97 1
7 98 6
7 99 2
7 100 9
7 101 5
7 102 7
7 103 5
7 104 9
7 105 4
7 106 2
7 107 8
7 108 4
7 109 9
7 110 5
8 9 10
8 10 5
8 11 4
8 12 4
8 13 1
8 14 9
8 15 5
8 16 2
8 17 9
8 18 3
8 19 2
8 20 2
8 21 2
8 22 10
8 23 7
8 24 6
8 25 9
8 26 6
8 27 5
8 28 2
8 29 5
8 30 4
8 31 4
8 32 3
8 33 4
8 34 5
8 35 2
8 36 1
8 37 6
8 38 5
8 39 1
8 40 8
8 41 6
8 42 5
8 43 3
8 44 7
8 45 8
8 46 3
8 47 5
8 48 5
8 49 3
8 50 5
8 51 8
8 52 6
8 53 6
8 54 8
8 55 3
8 56 4
8 57 6
8 58 8
8 59 10
8 60 10
8 61 5
8 62 4
8 63 7
8 64 7
8 65 6
8 66 8
8 67 3
8 68 9
8 69 8
8 70 6
8 71 7
8 72 2
8 73 10
8 74 1
8 75 8
8 76 10
8 77 4
8 78 9
8 79 6
8 80 10
8 81 5
8 82 10
8 83 5
8 84 3
8 85 4
8 86 5
8 87 5
8 88 7
8 89 3
8 90 10
8 91 10
8 92 2
8 93 5
8 94 3
8 95 2
8 96 1
8 97 6
8 98 7
8 99 6
8 100 3
8 101 5
8 102 7
8 103 6
8 104 8
8 105 5
8 106 7
8 107 3
8 108 3
8 109 3
8 110 9
9 10 8
9 11 7
9 12 3
9 13 9
9 14 2
9 15 8
9 16 6
9 17 5
9 18 2
9 19 6
9 20 5
9 21 4
9 22 4
9 23 9
9 24 2
9 25 2
9 26 3
9 27 5
9 28 4
9 29 9
9 30 1
9 31 6
9 32 9
9 33 2
9 34 7
9 35 9
9 36 2
9 37 3
9 38 4
9 39 3
9 40 9
9 41 8
9 42 2
9 43 4
9 44 4
9 45 8
9 46 9
9 47 3
9 48 7
9 49 10
9 50 10
9 51 4
9 52 8
9 53 5
9 54 1
9 55 6
9 56 2
9 57 5
9 58 1
9 59 7
9 60 1
9 61 8
9 62 8
9 63 10
9 64 4
9 65 7
9 66 6
9 67 4
9 68 1
9 69 1
9 70 4
9 71 2
9 72 2
9 73 2
9 74 6
9 75 9
9 76 2
9 77 4
9 78 6
9 79 5
9 80 9
9 81 10
9 82 7
9 83 1
9 84 9
9 85 9
9 86 1
9 87 8
9 88 3
9 89 7
9 90 6
9 91 2
9 92 9
9 93 1
9 94 10
9 95 10
9 96 1
9 97 10
9 98 8
9 99 8
9 100 2
9 101 6
9 102 1
9 103 7
9 104 1
9 105 10
9 106 7
9 107 2
9 108 7
9 109 6
9 110 4
10 11 1
10 12 8
10 13 10
10 14 10
10 15 3
10 16 5
10 17 7
10 18 8
10 19 9
10 20 2
10 21 7
10 22 8
10 23 7
10 24 6
10 25 1
10 26 9
10 27 6
10 28 6
10 29 10
10 30 9
10 31 10
10 32 6
10 33 2
10 34 7
10 35 2
10 36 8
10 37 2
10 38 5
10 39 9
10 40 1
10 41 3
10 42 10
10 43 10
10 44 3
10 45 5
10 46 4
10 47 9
10 48 2
10 49 2
10 50 3
10 51 2
10 52 6
10 53 6
10 54 10
10 55 1
10 56 7
10 57 8
10 58 6
10 59 3
10 60 2
10 61 6
10 62 2
10 63 10
10 64 8
10 65 5
10 66 3
10 67 7
10 68 1
10 69 5
10 70 6
10 71 7
10 72 7
10 73 4
10 74 5
10 75 5
10 76 4
10 77 6
10 78 2
10 79 7
10 80 6
10 81 5
10 82 3
10 83 4
10 84 5
10 85 4
10 86 5
10 87 2
10 88 1
10 89 2
10 90 10
10 91 3
10 92 2
10 93 2
10 94 6
10 95 10
10 96 5
10 97 2
10 98 4
10 99 6
10 100 6
10 101 9
10 102 10
10 103 1
10 104 10
10 105 1
10 106 1
10 107 7
10 108 10
10 109 10
10 110 5
11 12 5
11 13 6
11 14 8
11 15 6
11 16 5
11 17 5
11 18 7
11 19 10
11 20 10
11 21 4
11 22 10
11 23 6
11 24 8
11 25 8
11 26 3
11 27 8
11 28 7
11 29 7
11 30 2
11 31 8
11 32 9
11 33 5
11 34 7
11 35 1
11 36 6
11 37 1
11 38 9
11 39 6
11 40 9
11 41 10
11 42 6
11 43 7
11 44 6
11 45 10
11 46 4
11 47 1
11 48 5
11 49 2
11 50 1
11 51 6
11 52 3
11 53 10
11 54 7
11 55 8
11 56 10
11 57 5
11 58 6
11 59 3
11 60 10
11 61 6
11 62 8
11 63 2
11 64 6
11 65 8
11 66 5
11 67 8
11 68 1
11 69 6
11 70 10
11 71 10
11 72 4
11 73 5
11 74 6
11 75 4
11 76 9
11 77 10
11 78 1
11 79 4
11 80 10
11 81 5
11 82 2
11 83 7
11 84 1
11 85 7
11 86 8
11 87 10
11 88 3
11 89 1
11 90 2
11 91 7
11 92 6
11 93 8
11 94 10
11 95 2
11 96 10
11 97 9
11 98 3
11 99 9
11 100 6
11 101 8
11 102 8
11 103 1
11 104 2
11 105 3
11 106 4
11 107 1
11 108 8
11 109 8
11 110 8
12 13 9
12 14 4
12 15 8
12 16 7
12 17 5
12 18 6
12 19 5
12 20 2
12 21 7
12 22 1
12 23 3
12 24 2
12 25 1
12 26 8
12 27 2
12 28 4
12 29 8
12 30 9
12 31 8
12 32 9
12 33 1
12 34 7
12 35 5
12 36 5
12 37 1
12 38 1
12 39 7
12 40 2
12 41 3
12 42 8
12 43 2
12 44 8
12 45 5
12 46 7
12 47 5
12 48 10
12 49 7
12 50 3
12 51 2
12 52 4
12 53 8
12 54 5
12 55 1
12 56 9
12 57 10
12 58 8
12 59 6
12 60 10
12 61 6
12 62 8
12 63 9
12 64 10
12 65 1
12 66 5
12 67 9
12 68 6
12 69 9
12 70 3
12 71 3
12 72 3
12 73 7
12 74 7
12 75 3
12 76 3
12 77 2
12 78 3
12 79 2
12 80 3
12 81 5
12 82 9
12 83 9
12 84 3
12 85 1
12 86 2
12 87 5
12 88 3
12 89 6
12 90 3
12 91 6
12 92 9
12 93 5
12 94 9
12 95 7
12 96 10
12 97 4
12 98 7
12 99 9
12 100 10
12 101 4
12 102 3
12 103 10
12 104 10
12 105 5
12 106 3
12 107 2
12 108 5
12 109 1
12 110 7
13 14 3
13 15 6
13 16 3
13 17 9
13 18 2
13 19 7
13 20 5
13 21 4
13 22 9
13 23 8
13 24 3
13 25 9
13 26 2
13 27 1
13 28 7
13 29 4
13 30 1
13 31 1
13 32 2
13 33 7
13 34 5
13 35 3
13 36 3
13 37 9
13 38 9
13 39 7
13 40 2
13 41 10
13 42 8
13 43 8
13 44 10
13 45 7
13 46 10
13 47 10
13 48 2
13 49 8
13 50 5
13 51 10
13 52 5
13 53 9
13 54 7
13 55 1
13 56 7
13 57 10
13 58 3
13 59 4
13 60 7
13 61 8
13 62 9
13 63 8
13 64 8
13 65 7
13 66 9
13 67 10
13 68 6
13 69 7
13 70 6
13 71 4
13 72 1
13 73 2
13 74 7
13 75 4
13 76 2
13 77 3
13 78 3
13 79 3
13 80 8
13 81 6
13 82 7
13 83 10
13 84 8
13 85 10
13 86 3
13 87 1
13 88 4
13 89 1
13 90 9
13 91 2
13 92 5
13 93 7
13 94 2
13 95 6
13 96 9
13 97 7
13 98 8
13 99 2
13 100 1
13 101 7
13 102 1
13 103 2
13 104 3
13 105 6
13 106 3
13 107 5
13 108 10
13 109 2
13 110 1
14 15 5
14 16 2
14 17 2
14 18 1
14 19 4
14 20 4
14 21 2
14 22 9
14 23 8
14 24 7
14 25 9
14 26 8
14 27 9
14 28 6
14 29 2
14 30 8
14 31 4
14 32 1
14 33 3
14 34 4
14 35 6
14 36 8
14 37 7
14 38 5
14 39 3
14 40 7
14 41 7
14 42 7
14 43 1
14 44 3
14 45 1
14 46 3
14 47 9
14 48 3
14 49 2
14 50 5
14 51 9
14 52 3
14 53 8
14 54 8
14 55 5
14 56 1
14 57 4
14 58 8
14 59 10
14 60 9
14 61 2
14 62 9
14 63 1
14 64 9
14 65 1
14 66 1
14 67 2
14 68 7
14 69 3
14 70 9
14 71 5
14 72 5
14 73 7
14 74 5
14 75 10
14 76 8
14 77 3
14 78 3
14 79 9
14 80 7
14 81 5
14 82 4
14 83 4
14 84 6
14 85 7
14 86 1
14 87 9
14 88 8
14 89 1
14 90 9
14 91 2
14 92 2
14 93 8
14 94 5
14 95 8
14 96 9
14 97 2
14 98 7
14 99 4
14 100 1
14 101 5
14 102 3
14 103 3
14 104 3
14 105 9
14 106 7
14 107 1
14 108 5
14 109 7
14 110 6
15 16 5
15 17 5
15 18 2
15 19 8
15 20 3
15 21 10
15 22 9
15 23 3
15 24 8
15 25 9
15 26 1
15 27 4
15 28 6
15 29 10
15 30 7
15 31 3
15 32 3
15 33 4
15 34 1
15 35 9
15 36 3
15 37 10
15 38 1
15 39 10
15 40 5
15 41 5
15 42 2
15 43 5
15 44 10
15 45 3
15 46 1
15 47 1
15 48 6
15 49 10
15 50 10
15 51 5
15 52 9
15 53 4
15 54 5
15 55 9
15 56 10
15 57 2
15 58 5
15 59 1
15 60 6
15 61 4
15 62 8
15 63 2
15 64 10
15 65 9
15 66 5
15 67 5
15 68 9
15 69 3
15 70 6
15 71 7
15 72 4
15 73 7
15 74 3
15 75 1
15 76 7
15 77 4
15 78 5
15 79 2
15 80 4
15 81 8
15 82 1
15 83 5
15 84 2
15 85 6
15 86 4
15 87 6
15 88 9
15 89 8
15 90 10
15 91 9
15 92 2
15 93 5
15 94 8
15 95 10
15 96 5
15 97 6
15 98 5
15 99 3
15 100 7
15 101 3
15 102 8
15 103 10
15 104 2
15 105 2
15 106 9
15 107 6
15 108 5
15 109 1
15 110 7
16 17 7
16 18 9
16 19 10
16 20 3
16 21 1
16 22 6
16 23 3
16 24 4
16 25 2
16 26 3
16 27 1
16 28 2
16 29 5
16 30 7
16 31 7
16 32 6
16 33 4
16 34 2
16 35 10
16 36 7
16 37 3
16 38 4
16 39 3
16 40 6
16 41 3
16 42 10
16 43 8
16 44 10
16 45 1
16 46 1
16 47 4
16 48 3
16 49 9
16 50 2
16 51 7
16 52 9
16 53 6
16 54 2
16 55 2
16 56 3
16 57 5
16 58 5
16 59 6
16 60 8
16 61 8
16 62 5
16 63 4
16 64 2
16 65 6
16 66 9
16 67 9
16 68 6
16 69 2
16 70 5
16 71 4
16 72 5
16 73 2
16 74 1
16 75 1
16 76 3
16 77 3
16 78 7
16 79 9
16 80 9
16 81 3
16 82 1
16 83 9
16 84 9
16 85 7
16 86 7
16 87 4
16 88 3
16 89 8
16 90 4
16 91 5
16 92 1
16 93 4
16 94 1
16 95 2
16 96 1
16 97 7
16 98 3
16 99 3
16 100 10
16 101 9
16 102 3
16 103 8
16 104 3
16 105 9
16 106 10
16 107 9
16 108 10
16 109 6
16 110 9
17 18 8
17 19 10
17 20 9
17 21 10
17 22 8
17 23 2
17 24 5
17 25 7
17 26 10
17 27 10
17 28 6
17 29 5
17 30 1
17 31 4
17 32 3
17 33 4
17 34 10
17 35 3
17 36 4
17 37 4
17 38 7
17 39 1
17 40 6
17 41 9
17 42 3
17 43 6
17 44 2
17 45 6
17 46 7
17 47 5
17 48 4
17 49 9
17 50 8
17 51 3
17 52 2
17 53 10
17 54 2
17 55 7
17 56 7
17 57 5
17 58 4
17 59 3
17 60 5
17 61 2
17 62 6
17 63 10
17 64 4
17 65 9
17 66 6
17 67 10
17 68 4
17 69 1
17 70 8
17 71 5
17 72 7
17 73 10
17 74 1
17 75 2
17 76 6
17 77 7
17 78 2
17 79 3
17 80 1
17 81 1
17 82 6
17 83 3
17 84 2
17 85 6
17 86 1
17 87 3
17 88 2
17 89 3
17 90 1
17 91 10
17 92 8
17 93 6
17 94 7
17 95 7
17 96 6
17 97 4
17 98 10
17 99 1
17 100 9
17 101 3
17 102 7
17 103 10
17 104 1
17 105 2
17 106 5
17 107 1
17 108 5
17 109 6
17 110 8
18 19 7
18 20 10
18 21 5
18 22 4
18 23 7
18 24 5
18 25 4
18 26 10
18 27 4
18 28 5
18 29 9
18 30 3
18 31 4
18 32 8
18 33 7
18 34 1
18 35 9
18 36 9
18 37 1
18 38 10
18 39 10
18 40 5
18 41 1
18 42 9
18 43 7
18 44 2
18 45 3
18 46 9
18 47 1
18 48 1
18 49 4
18 50 5
18 51 9
18 52 3
18 53 2
18 54 1
18 55 9
18 56 5
18 57 5
18 58 6
18 59 8
18 60 2
18 61 5
18 62 5
18 63 4
18 64 7
18 65 9
18 66 4
18 67 9
18 68 8
18 69 7
18 70 2
18 71 3
18 72 2
18 73 9
18 74 2
18 75 10
18 76 6
18 77 2
18 78 1
18 79 3
18 80 10
18 81 5
18 82 4
18 83 8
18 84 3
18 85 8
18 86 2
18 87 6
18 88 1
18 89 10
18 90 5
18 91 2
18 92 1
18 93 9
18 94 10
18 95 8
18 96 7
18 97 5
18 98 7
18 99 3
18 100 8
18 101 1
18 102 9
18 103 5
18 104 7
18 105 2
18 106 3
18 107 4
18 108 3
18 109 5
18 110 3
19 20 10
19 21 6
19 22 2
19 23 6
19 24 2
19 25 10
19 26 7
19 27 8
19 28 9
19 29 1
19 30 10
19 31 6
19 32 5
19 33 5
19 34 3
19 35 10
19 36 6
19 37 1
19 38 7
19 39 4
19 40 3
19 41 1
19 42 9
19 43 1
19 44 10
19 45 4
19 46 1
19 47 1
19 48 9
19 49 3
19 50 3
19 51 5
19 52 10
19 53 9
19 54 3
19 55 1
19 56 7
19 57 7
19 58 7
19 59 1
19 60 6
19 61 10
19 62 5
19 63 9
19 64 10
19 65 10
19 66 9
19 67 10
19 68 6
19 69 3
19 70 7
19 71 1
19 72 3
19 73 5
19 74 2
19 75 2
19 76 1
19 77 3
19 78 7
19 79 10
19 80 9
19 81 10
19 82 3
19 83 4
19 84 3
19 85 4
19 86 9
19 87 8
19 88 10
19 89 2
19 90 1
19 91 10
19 92 3
19 93 8
19 94 5
19 95 9
19 96 4
19 97 3
19 98 9
19 99 5
19 100 5
19 101 5
19 102 2
19 103 7
19 104 9
19 105 3
19 106 10
19 107 4
19 108 8
19 109 2
19 110 3
20 21 10
20 22 4
20 23 1
20 24 1
20 25 10
20 26 2
20 27 1
20 28 7
20 29 1
20 30 3
20 31 9
20 32 6
20 33 1
20 34 2
20 35 1
20 36 8
20 37 8
20 38 1
20 39 1
20 40 10
20 41 6
20 42 9
20 43 5
20 44 8
20 45 2
20 46 5
20 47 2
20 48 3
20 49 4
20 50 4
20 51 7
20 52 6
20 53 6
20 54 3
20 55 2
20 56 3
20 57 1
20 58 5
20 59 8
20 60 4
20 61 10
20 62 9
20 63 5
20 64 9
20 65 10
20 66 7
20 67 3
20 68 9
20 69 5
20 70 10
20 71 9
20 72 1
20 73 2
20 74 5
20 75 6
20 76 5
20 77 4
20 78 5
20 79 4
20 80 3
20 81 1
20 82 8
20 83 8
20 84 8
20 85 1
20 86 3
20 87 6
20 88 1
20 89 5
20 90 2
20 91 9
20 92 9
20 93 3
20 94 7
20 95 5
20 96 8
20 97 3
20 98 4
20 99 6
20 100 7
20 101 1
20 102 2
20 103 6
20 104 7
20 105 5
20 106 5
20 107 5
20 108 5
20 109 6
20 110 7
21 22 7
21 23 2
21 24 3
21 25 9
21 26 3
21 27 5
21 28 6
21 29 1
21 30 1
21 31 1
21 32 1
21 33 10
21 34 10
21 35 3
21 36 4
21 37 4
21 38 3
21 39 6
21 40 3
21 41 6
21 42 1
21 43 2
21 44 3
21 45 6
21 46 4
21 47 10
21 48 8
21 49 1
21 50 7
21 51 1
21 52 10
21 53 4
21 54 2
21 55 10
21 56 9
21 57 1
21 58 7
21 59 10
21 60 4
21 61 4
21 62 10
21 63 2
21 64 8
21 65 7
21 66 8
21 67 9
21 68 7
21 69 2
21 70 9
21 71 5
21 72 5
21 73 5
21 74 6
21 75 5
21 76 8
21 77 4
21 78 3
21 79 9
21 80 4
21 81 2
21 82 3
21 83 6
21 84 1
21 85 5
21 86 5
21 87 7
21 88 5
21 89 10
21 90 5
21 91 1
21 92 6
21 93 4
21 94 5
21 95 4
21 96 9
21 97 10
21 98 7
21 99 7
21 100 4
21 101 5
21 102 5
21 103 1
21 104 10
21 105 7
21 106 7
21 107 5
21 108 5
21 109 7
21 110 4
22 23 1
22 24 2
22 25 10
22 26 1
22 27 6
22 28 5
22 29 6
22 30 3
22 31 2
22 32 8
22 33 8
22 34 5
22 35 9
22 36 5
22 37 10
22 38 3
22 39 10
22 40 1
22 41 2
22 42 3
22 43 8
22 44 7
22 45 4
22 46 9
22 47 3
22 48 7
22 49 7
22 50 9
22 51 5
22 52 6
22 53 9
22 54 5
22 55 2
22 56 7
22 57 7
22 58 1
22 59 8
22 60 2
22 61 4
22 62 9
22 63 10
22 64 2
22 65 9
22 66 3
22 67 5
22 68 5
22 69 7
22 70 1
22 71 5
22 72 7
22 73 2
22 74 7
22 75 6
22 76 10
22 77 5
22 78 6
22 79 5
22 80 10
22 81 10
22 82 8
22 83 4
22 84 8
22 85 9
22 86 6
22 87 5
22 88 10
22 89 8
22 90 4
22 91 6
22 92 6
22 93 9
22 94 4
22 95 2
22 96 1
22 97 10
22 98 9
22 99 6
22 100 10
22 101 4
22 102 5
22 103 5
22 104 5
22 105 4
22 106 4
22 107 10
22 108 5
22 109 9
22 110 4
23 24 9
23 25 4
23 26 6
23 27 6
23 28 9
23 29 8
23 30 2
23 31 3
23 32 10
23 33 2
23 34 4
23 35 3
23 36 6
23 37 1
23 38 4
23 39 2
23 40 6
23 41 1
23 42 2
23 43 7
23 44 2
23 45 8
23 46 6
23 47 10
23 48 9
23 49 5
23 50 1
23 51 5
23 52 1
23 53 10
23 54 7
23 55 6
23 56 4
23 57 5
23 58 1
23 59 5
23 60 2
23 61 1
23 62 4
23 63 10
23 64 2
23 65 5
23 66 1
23 67 8
23 68 10
23 69 2
23 70 3
23 71 8
23 72 4
23 73 3
23 74 5
23 75 4
23 76 8
23 77 8
23 78 10
23 79 4
23 80 10
23 81 6
23 82 2
23 83 2
23 84 2
23 85 7
23 86 10
23 87 10
23 88 8
23 89 6
23 90 8
23 91 2
23 92 1
23 93 9
23 94 4
23 95 4
23 96 8
23 97 1
23 98 1
23 99 8
23 100 8
23 101 7
23 102 3
23 103 9
23 104 3
23 105 4
23 106 3
23 107 7
23 108 5
23 109 6
23 110 3
24 25 8
24 26 2
24 27 3
24 28 7
24 29 3
24 30 4
24 31 10
24 32 7
24 33 5
24 34 1
24 35 6
24 36 8
24 37 6
24 38 7
24 39 7
24 40 7
24 41 10
24 42 7
24 43 3
24 44 1
24 45 7
24 46 7
24 47 6
24 48 2
24 49 7
24 50 7
24 51 9
24 52 3
24 53 9
24 54 1
24 55 8
24 56 5
24 57 8
24 58 4
24 59 6
24 60 9
24 61 7
24 62 5
24 63 1
24 64 7
24 65 1
24 66 1
24 67 8
24 68 2
24 69 5
24 70 5
24 71 7
24 72 1
24 73 2
24 74 10
24 75 4
24 76 8
24 77 5
24 78 8
24 79 3
24 80 6
24 81 10
24 82 8
24 83 8
24 84 6
24 85 5
24 86 1
24 87 2
24 88 6
24 89 5
24 90 8
24 91 10
24 92 4
24 93 5
24 94 9
24 95 8
24 96 2
24 97 7
24 98 5
24 99 6
24 100 6
24 101 7
24 102 9
24 103 4
24 104 8
24 105 6
24 106 3
24 107 1
24 108 3
24 109 10
24 110 1
25 26 7
25 27 5
25 28 4
25 29 9
25 30 7
25 31 8
25 32 4
25 33 9
25 34 3
25 35 5
25 36 8
25 37 8
25 38 7
25 39 9
25 40 5
25 41 5
25 42 5
25 43 8
25 44 3
25 45 7
25 46 7
25 47 8
25 48 9
25 49 9
25 50 2
25 51 10
25 52 4
25 53 1
25 54 8
25 55 5
25 56 6
25 57 8
25 58 9
25 59 4
25 60 4
25 61 2
25 62 5
25 63 5
25 64 5
25 65 6
25 66 1
25 67 3
25 68 9
25 69 8
25 70 3
25 71 10
25 72 2
25 73 4
25 74 8
25 75 6
25 76 1
25 77 9
25 78 5
25 79 6
25 80 10
25 81 9
25 82 5
25 83 1
25 84 10
25 85 4
25 86 4
25 87 8
25 88 10
25 89 3
25 90 8
25 91 4
25 92 9
25 93 9
25 94 10
25 95 8
25 96 8
25 97 9
25 98 3
25 99 4
25 100 8
25 101 3
25 102 3
25 103 2
25 104 10
25 105 5
25 106 9
25 107 7
25 108 1
25 109 1
25 110 5
26 27 2
26 28 10
26 29 5
26 30 7
26 31 3
26 32 1
26 33 8
26 34 5
26 35 9
26 36 5
26 37 8
26 38 6
26 39 3
26 40 8
26 41 10
26 42 3
26 43 8
26 44 2
26 45 8
26 46 4
26 47 5
26 48 9
26 49 9
26 50 2
26 51 3
26 52 2
26 53 8
26 54 8
26 55 4
26 56 4
26 57 2
26 58 8
26 59 7
26 60 10
26 61 10
26 62 6
26 63 10
26 64 5
26 65 9
26 66 2
26 67 1
26 68 3
26 69 1
26 70 10
26 71 8
26 72 8
26 73 8
26 74 4
26 75 7
26 76 6
26 77 9
26 78 2
26 79 2
26 80 5
26 81 9
26 82 2
26 83 1
26 84 2
26 85 2
26 86 5
26 87 9
26 88 3
26 89 6
26 90 5
26 91 4
26 92 6
26 93 2
26 94 2
26 95 7
26 96 3
26 97 1
26 98 2
26 99 3
26 100 1
26 101 9
26 102 2
26 103 3
26 104 8
26 105 1
26 106 8
26 107 5
26 108 1
26 109 2
26 110 4
27 28 6
27 29 10
27 30 2
27 31 4
27 32 10
27 33 5
27 34 2
27 35 1
27 36 4
27 37 10
27 38 8
27 39 6
27 40 5
27 41 6
27 42 9
27 43 2
27 44 2
27 45 4
27 46 9
27 47 3
27 48 10
27 49 3
27 50 9
27 51 1
27 52 10
27 53 7
27 54 7
27 55 3
27 56 3
27 57 7
27 58 1
27 59 3
27 60 5
27 61 1
27 62 1
27 63 7
27 64 9
27 65 1
27 66 7
27 67 6
27 68 3
27 69 4
27 70 4
27 71 9
27 72 3
27 73 5
27 74 7
27 75 8
27 76 6
27 77 2
27 78 3
27 79 8
27 80 10
27 81 7
27 82 8
27 83 1
27 84 7
27 85 5
27 86 8
27 87 1
27 88 2
27 89 10
27 90 8
27 91 1
27 92 7
27 93 8
27 94 10
27 95 7
27 96 2
27 97 4
27 98 2
27 99 2
27 100 1
27 101 6
27 102 3
27 103 2
27 104 3
27 105 4
27 106 8
27 107 5
27 108 8
27 109 10
27 110 10
28 29 9
28 30 4
28 31 1
28 32 8
28 33 1
28 34 3
28 35 10
28 36 7
28 37 8
28 38 3
28 39 4
28 40 10
28 41 4
28 42 6
28 43 5
28 44 5
28 45 5
28 46 8
28 47 9
28 48 3
28 49 10
28 50 1
28 51 6
28 52 10
28 53 2
28 54 9
28 55 1
28 56 8
28 57 1
28 58 4
28 59 2
28 60 8
28 61 5
28 62 5
28 63 8
28 64 2
28 65 1
28 66 2
28 67 1
28 68 3
28 69 9
28 70 9
28 71 3
28 72 8
28 73 7
28 74 1
28 75 2
28 76 9
28 77 3
28 78 10
28 79 8
28 80 5
28 81 9
28 82 8
28 83 1
28 84 2
28 85 2
28 86 3
28 87 9
28 88 1
28 89 3
28 90 10
28 91 7
28 92 5
28 93 2
28 94 7
28 95 5
28 96 4
28 97 7
28 98 5
28 99 7
28 100 5
28 101 3
28 102 4
28 103 1
28 104 1
28 105 1
28 106 6
28 107 8
28 108 8
28 109 1
28 110 4
29 30 10
29 31 4
29 32 9
29 33 8
29 34 10
29 35 9
29 36 10
29 37 2
29 38 5
29 39 8
29 40 1
29 41 10
29 42 9
29 43 8
29 44 7
29 45 2
29 46 9
29 47 10
29 48 5
29 49 10
29 50 10
29 51 9
29 52 1
29 53 3
29 54 10
29 55 5
29 56 3
29 57 8
29 58 8
29 59 4
29 60 2
29 61 3
29 62 3
29 63 3
29 64 6
29 65 7
29 66 4
29 67 10
29 68 1
29 69 4
29 70 10
29 71 6
29 72 7
29 73 4
29 74 3
29 75 2
29 76 9
29 77 6
29 78 1
29 79 8
29 80 4
29 81 4
29 82 9
29 83 1
29 84 7
29 85 7
29 86 9
29 87 3
29 88 7
29 89 8
29 90 2
29 91 3
29 92 1
29 93 7
29 94 1
29 95 8
29 96 10
29 97 6
29 98 1
29 99 1
29 100 9
29 101 4
29 102 7
29 103 5
29 104 8
29 105 5
29 106 10
29 107 9
29 108 3
29 109 9
29 110 5
30 31 7
30 32 2
30 33 8
30 34 5
30 35 7
30 36 4
30 37 10
30 38 2
30 39 4
30 40 10
30 41 3
30 42 8
30 43 10
30 44 8
30 45 4
30 46 2
30 47 4
30 48 4
30 49 8
30 50 5
30 51 6
30 52 9
30 53 4
30 54 1
30 55 9
30 56 10
30 57 3
30 58 4
30 59 7
30 60 1
30 61 6
30 62 6
30 63 4
30 64 8
30 65 10
30 66 6
30 67 2
30 68 5
30 69 4
30 70 7
30 71 4
30 72 10
30 73 2
30 74 5
30 75 4
30 76 4
30 77 3
30 78 4
30 79 7
30 80 6
30 81 3
30 82 8
30 83 7
30 84 9
30 85 8
30 86 5
30 87 3
30 88 9
30 89 5
30 90 1
30 91 5
30 92 3
30 93 3
30 94 5
30 95 2
30 96 3
30 97 5
30 98 1
30 99 9
30 100 3
30 101 2
30 102 8
30 103 2
30 104 6
30 105 2
30 106 9
30 107 9
30 108 10
30 109 1
30 110 7
31 32 4
31 33 8
31 34 5
31 35 8
31 36 5
31 37 2
31 38 3
31 39 5
31 40 7
31 41 10
31 42 1
31 43 9
31 44 3
31 45 3
31 46 8
31 47 2
31 48 5
31 49 6
31 50 3
31 51 3
31 52 6
31 53 5
31 54 4
31 55 8
31 56 3
31 57 10
31 58 5
31 59 4
31 60 10
31 61 4
31 62 9
31 63 3
31 64 3
31 65 9
31 66 8
31 67 9
31 68 4
31 69 4
31 70 8
31 71 6
31 72 9
31 73 9
31 74 8
31 75 7
31 76 4
31 77 6
31 78 2
31 79 10
31 80 8
31 81 10
31 82 6
31 83 9
31 84 10
31 85 7
31 86 6
31 87 7
31 88 8
31 89 2
31 90 2
31 91 9
31 92 3
31 93 4
31 94 9
31 95 5
31 96 6
31 97 9
31 98 1
31 99 7
31 100 9
31 101 2
31 102 7
31 103 3
31 104 9
31 105 4
31 106 5
31 107 10
31 108 7
31 109 2
31 110 7
32 33 2
32 34 9
32 35 7
32 36 6
32 37 7
32 38 3
32 39 3
32 40 3
32 41 8
32 42 6
32 43 2
32 44 3
32 45 4
32 46 2
32 47 1
32 48 1
32 49 10
32 50 2
32 51 1
32 52 1
32 53 9
32 54 3
32 55 2
32 56 7
32 57 5
32 58 6
32 59 6
32 60 1
32 61 8
32 62 4
32 63 8
32 64 3
32 65 9
32 66 2
32 67 3
32 68 6
32 69 1
32 70 6
32 71 8
32 72 6
32 73 10
32 74 8
32 75 2
32 76 2
32 77 9
32 78 1
32 79 1
32 80 6
32 81 1
32 82 2
32 83 8
32 84 9
32 85 10
32 86 6
32 87 7
32 88 3
32 89 2
32 90 4
32 91 9
32 92 10
32 93 8
32 94 1
32 95 4
32 96 7
32 97 1
32 98 1
32 99 9
32 100 2
32 101 8
32 102 3
32 103 1
32 104 8
32 105 7
32 106 8
32 107 2
32 108 5
32 109 1
32 110 5
33 34 7
33 35 6
33 36 2
33 37 3
33 38 9
33 39 7
33 40 6
33 41 6
33 42 10
33 43 4
33 44 2
33 45 10
33 46 3
33 47 7
33 48 8
33 49 2
33 50 6
33 51 10
33 52 10
33 53 2
33 54 3
33 55 9
33 56 6
33 57 2
33 58 1
33 59 1
33 60 9
33 61 6
33 62 9
33 63 7
33 64 10
33 65 7
33 66 4
33 67 8
33 68 8
33 69 4
33 70 4
33 71 7
33 72 4
33 73 2
33 74 2
33 75 6
33 76 6
33 77 2
33 78 3
33 79 8
33 80 8
33 81 7
33 82 2
33 83 10
33 84 7
33 85 9
33 86 9
33 87 7
33 88 4
33 89 9
33 90 8
33 91 5
33 92 6
33 93 10
33 94 6
33 95 8
33 96 6
33 97 4
33 98 7
33 99 8
33 100 9
33 101 6
33 102 8
33 103 10
33 104 5
33 105 6
33 106 4
33 107 5
33 108 1
33 109 9
33 110 4
34 35 8
34 36 1
34 37 10
34 38 9
34 39 5
34 40 10
34 41 4
34 42 7
34 43 5
34 44 5
34 45 9
34 46 8
34 47 10
34 48 1
34 49 4
34 50 6
34 51 7
34 52 7
34 53 7
34 54 8
34 55 3
34 56 9
34 57 6
34 58 3
34 59 6
34 60 6
34 61 1
34 62 5
34 63 8
34 64 2
34 65 6
34 66 4
34 67 2
34 68 2
34 69 5
34 70 3
34 71 4
34 72 6
34 73 3
34 74 5
34 75 4
34 76 4
34 77 2
34 78 10
34 79 4
34 80 2
34 81 8
34 82 3
34 83 4
34 84 5
34 85 2
34 86 10
34 87 9
34 88 4
34 89 4
34 90 6
34 91 9
34 92 4
34 93 6
34 94 2
34 95 1
34 96 9
34 97 2
34 98 7
34 99 3
34 100 4
34 101 6
34 102 4
34 103 9
34 104 2
34 105 5
34 106 7
34 107 3
34 108 9
34 109 9
34 110 5
35 36 8
35 37 3
35 38 7
35 39 3
35 40 6
35 41 6
35 42 2
35 43 1
35 44 5
35 45 6
35 46 9
35 47 2
35 48 7
35 49 10
35 50 3
35 51 8
35 52 6
35 53 6
35 54 3
35 55 4
35 56 3
35 57 1
35 58 5
35 59 9
35 60 6
35 61 3
35 62 9
35 63 5
35 64 10
35 65 8
35 66 5
35 67 5
35 68 1
35 69 8
35 70 5
35 71 2
35 72 9
35 73 10
35 74 2
35 75 3
35 76 7
35 77 4
35 78 8
35 79 5
35 80 8
35 81 1
35 82 4
35 83 1
35 84 8
35 85 8
35 86 3
35 87 2
35 88 9
35 89 7
35 90 5
35 91 5
35 92 6
35 93 10
35 94 8
35 95 2
35 96 1
35 97 3
35 98 5
35 99 7
35 100 5
35 101 4
35 102 10
35 103 1
35 104 4
35 105 2
35 106 4
35 107 3
35 108 3
35 109 7
35 110 5
36 37 5
36 38 6
36 39 10
36 40 4
36 41 8
36 42 10
36 43 5
36 44 3
36 45 4
36 46 8
36 47 5
36 48 6
36 49 4
36 50 9
36 51 1
36 52 7
36 53 2
36 54 9
36 55 1
36 56 3
36 57 10
36 58 9
36 59 4
36 60 10
36 61 2
36 62 5
36 63 6
36 64 8
36 65 1
36 66 9
36 67 4
36 68 7
36 69 5
36 70 6
36 71 6
36 72 2
36 73 6
36 74 3
36 75 3
36 76 7
36 77 8
36 78 10
36 79 2
36 80 3
36 81 4
36 82 3
36 83 7
36 84 4
36 85 6
36 86 4
36 87 6
36 88 10
36 89 8
36 90 4
36 91 6
36 92 6
36 93 1
36 94 4
36 95 3
36 96 7
36 97 8
36 98 6
36 99 7
36 100 7
36 101 6
36 102 5
36 103 4
36 104 1
36 105 3
36 106 10
36 107 3
36 108 5
36 109 3
36 110 2
37 38 7
37 39 10
37 40 1
37 41 1
37 42 1
37 43 4
37 44 4
37 45 4
37 46 2
37 47 10
37 48 6
37 49 3
37 50 2
37 51 5
37 52 1
37 53 2
37 54 2
37 55 7
37 56 5
37 57 5
37 58 3
37 59 3
37 60 1
37 61 7
37 62 6
37 63 3
37 64 5
37 65 2
37 66 6
37 67 5
37 68 1
37 69 9
37 70 1
37 71 6
37 72 1
37 73 1
37 74 9
37 75 9
37 76 3
37 77 10
37 78 8
37 79 5
37 80 3
37 81 7
37 82 5
37 83 3
37 84 8
37 85 3
37 86 3
37 87 10
37 88 4
37 89 2
37 90 4
37 91 4
37 92 4
37 93 3
37 94 7
37 95 5
37 96 8
37 97 8
37 98 9
37 99 5
37 100 6
37 101 7
37 102 9
37 103 5
37 104 3
37 105 6
37 106 4
37 107 6
37 108 4
37 109 1
37 110 9
38 39 10
38 40 6
38 41 3
38 42 2
38 43 5
38 44 7
38 45 6
38 46 1
38 47 9
38 48 9
38 49 1
38 50 5
38 51 3
38 52 6
38 53 7
38 54 1
38 55 1
38 56 8
38 57 1
38 58 1
38 59 9
38 60 7
38 61 5
38 62 3
38 63 6
38 64 1
38 65 1
38 66 4
38 67 1
38 68 6
38 69 1
38 70 1
38 71 4
38 72 8
38 73 3
38 74 2
38 75 10
38 76 3
38 77 5
38 78 8
38 79 10
38 80 2
38 81 6
38 82 3
38 83 8
38 84 6
38 85 2
38 86 9
38 87 7
38 88 3
38 89 5
38 90 5
38 91 9
38 92 7
38 93 5
38 94 7
38 95 9
38 96 7
38 97 7
38 98 3
38 99 2
38 100 4
38 101 9
38 102 10
38 103 9
38 104 9
38 105 2
38 106 2
38 107 7
38 108 6
38 109 4
38 110 9
39 40 9
39 41 2
39 42 5
39 43 8
39 44 7
39 45 6
39 46 9
39 47 7
39 48 1
39 49 3
39 50 9
39 51 3
39 52 5
39 53 7
39 54 3
39 55 4
39 56 4
39 57 8
39 58 8
39 59 4
39 60 5
39 61 4
39 62 8
39 63 4
39 64 4
39 65 5
39 66 5
39 67 2
39 68 3
39 69 9
39 70 8
39 71 6
39 72 1
39 73 9
39 74 4
39 75 5
39 76 5
39 77 7
39 78 9
39 79 1
39 80 4
39 81 9
39 82 10
39 83 9
39 84 8
39 85 4
39 86 5
39 87 5
39 88 4
39 89 4
39 90 9
39 91 4
39 92 5
39 93 10
39 94 7
39 95 9
39 96 4
39 97 3
39 98 8
39 99 8
39 100 9
39 101 1
39 102 2
39 103 7
39 104 5
39 105 8
39 106 8
39 107 10
39 108 2
39 109 7
39 110 1
40 41 8
40 42 8
40 43 9
40 44 1
40 45 6
40 46 5
40 47 8
40 48 4
40 49 3
40 50 1
40 51 9
40 52 5
40 53 9
40 54 6
40 55 4
40 56 3
40 57 7
40 58 3
40 59 4
40 60 3
40 61 2
40 62 8
40 63 10
40 64 1
40 65 7
40 66 7
40 67 5
40 68 10
40 69 2
40 70 9
40 71 4
40 72 8
40 73 5
40 74 2
40 75 10
40 76 6
40 77 5
40 78 9
40 79 1
40 80 4
40 81 1
40 82 10
40 83 1
40 84 2
40 85 5
40 86 9
40 87 2
40 88 6
40 89 1
40 90 7
40 91 6
40 92 4
40 93 4
40 94 9
40 95 8
40 96 9
40 97 3
40 98 8
40 99 2
40 100 1
40 101 4
40 102 7
40 103 9
40 104 3
40 105 1
40 106 5
40 107 2
40 108 4
40 109 6
40 110 2
41 42 7
41 43 4
41 44 7
41 45 9
41 46 1
41 47 10
41 48 3
41 49 9
41 50 3
41 51 10
41 52 4
41 53 8
41 54 5
41 55 3
41 56 2
41 57 1
41 58 5
41 59 7
41 60 10
41 61 4
41 62 3
41 63 10
41 64 10
41 65 10
41 66 3
41 67 7
41 68 7
41 69 3
41 70 4
41 71 4
41 72 10
41 73 4
41 74 3
41 75 9
41 76 4
41 77 8
41 78 7
41 79 6
41 80 1
41 81 3
41 82 6
41 83 7
41 84 10
41 85 9
41 86 5
41 87 5
41 88 3
41 89 10
41 90 2
41 91 8
41 92 3
41 93 6
41 94 10
41 95 1
41 96 2
41 97 2
41 98 8
41 99 3
41 100 10
41 101 2
41 102 2
41 103 1
41 104 1
41 105 7
41 106 7
41 107 8
41 108 1
41 109 6
41 110 6
42 43 10
42 44 10
42 45 8
42 46 1
42 47 4
42 48 4
42 49 10
42 50 9
42 51 5
42 52 3
42 53 4
42 54 6
42 55 3
42 56 9
42 57 3
42 58 1
42 59 8
42 60 3
42 61 10
42 62 1
42 63 3
42 64 8
42 65 6
42 66 3
42 67 4
42 68 6
42 69 8
42 70 2
42 71 8
42 72 9
42 73 6
42 74 3
42 75 1
42 76 6
42 77 9
42 78 3
42 79 7
42 80 2
42 81 4
42 82 7
42 83 1
42 84 6
42 85 2
42 86 6
42 87 10
42 88 6
42 89 5
42 90 10
42 91 4
42 92 10
42 93 6
42 94 9
42 95 8
42 96 5
42 97 10
42 98 10
42 99 10
42 100 7
42 101 5
42 102 2
42 103 5
42 104 5
42 105 8
42 106 2
42 107 8
42 108 4
42 109 4
42 110 10
43 44 2
43 45 9
43 46 6
43 47 10
43 48 9
43 49 5
43 50 1
43 51 4
43 52 4
43 53 1
43 54 4
43 55 8
43 56 8
43 57 9
43 58 9
43 59 10
43 60 5
43 61 3
43 62 5
43 63 2
43 64 7
43 65 4
43 66 6
43 67 6
43 68 8
43 69 7
43 70 9
43 71 6
43 72 3
43 73 4
43 74 5
43 75 4
43 76 5
43 77 1
43 78 4
43 79 1
43 80 5
43 81 6
43 82 5
43 83 2
43 84 2
43 85 1
43 86 3
43 87 8
43 88 10
43 89 6
43 90 1
43 91 7
43 92 8
43 93 1
43 94 2
43 95 9
43 96 4
43 97 6
43 98 2
43 99 1
43 100 3
43 101 3
43 102 9
43 103 10
43 104 4
43 105 9
43 106 10
43 107 3
43 108 4
43 109 7
43 110 4
44 45 3
44 46 9
44 47 1
44 48 6
44 49 9
44 50 10
44 51 5
44 52 8
44 53 10
44 54 2
44 55 7
44 56 3
44 57 1
44 58 9
44 59 4
44 60 5
44 61 9
44 62 4
44 63 8
44 64 9
44 65 9
44 66 5
44 67 6
44 68 2
44 69 9
44 70 8
44 71 4
44 72 6
44 73 1
44 74 3
44 75 9
44 76 9
44 77 7
44 78 10
44 79 4
44 80 7
44 81 10
44 82 2
44 83 6
44 84 2
44 85 3
44 86 2
44 87 2
44 88 8
44 89 5
44 90 2
44 91 8
44 92 7
44 93 8
44 94 1
44 95 4
44 96 1
44 97 5
44 98 6
44 99 8
44 100 6
44 101 4
44 102 6
44 103 5
44 104 9
44 105 10
44 106 7
44 107 6
44 108 4
44 109 2
44 110 6
45 46 4
45 47 4
45 48 10
45 49 3
45 50 3
45 51 5
45 52 10
45 53 5
45 54 5
45 55 4
45 56 6
45 57 1
45 58 4
45 59 7
45 60 3
45 61 2
45 62 4
45 63 5
45 64 5
45 65 9
45 66 4
45 67 5
45 68 4
45 69 7
45 70 2
45 71 2
45 72 10
45 73 4
45 74 7
45 75 1
45 76 4
45 77 7
45 78 5
45 79 8
45 80 8
45 81 1
45 82 4
45 83 8
45 84 3
45 85 1
45 86 1
45 87 1
45 88 9
45 89 10
45 90 3
45 91 10
45 92 3
45 93 3
45 94 3
45 95 10
45 96 10
45 97 2
45 98 3
45 99 9
45 100 4
45 101 5
45 102 1
45 103 10
45 104 7
45 105 5
45 106 3
45 107 7
45 108 5
45 109 2
45 110 3
46 47 2
46 48 6
46 49 5
46 50 1
46 51 2
46 52 8
46 53 7
46 54 9
46 55 8
46 56 2
46 57 7
46 58 7
46 59 4
46 60 4
46 61 3
46 62 7
46 63 4
46 64 3
46 65 8
46 66 2
46 67 3
46 68 8
46 69 10
46 70 5
46 71 4
46 72 7
46 73 7
46 74 8
46 75 4
46 76 1
46 77 5
46 78 3
46 79 3
46 80 8
46 81 8
46 82 4
46 83 6
46 84 1
46 85 10
46 86 1
46 87 1
46 88 10
46 89 2
46 90 5
46 91 4
46 92 10
46 93 7
46 94 4
46 95 3
46 96 7
46 97 1
46 98 8
46 99 2
46 100 7
46 101 2
46 102 3
46 103 10
46 104 10
46 105 10
46 106 3
46 107 2
46 108 2
46 109 6
46 110 3
47 48 10
47 49 5
47 50 2
47 51 1
47 52 4
47 53 1
47 54 6
47 55 10
47 56 10
47 57 7
47 58 10
47 59 10
47 60 9
47 61 10
47 62 7
47 63 7
47 64 9
47 65 2
47 66 7
47 67 8
47 68 2
47 69 4
47 70 3
47 71 7
47 72 10
47 73 8
47 74 4
47 75 8
47 76 9
47 77 1
47 78 5
47 79 4
47 80 1
47 81 3
47 82 5
47 83 8
47 84 2
47 85 3
47 86 7
47 87 10
47 88 5
47 89 10
47 90 8
47 91 4
47 92 5
47 93 2
47 94 10
47 95 5
47 96 5
47 97 7
47 98 10
47 99 10
47 100 8
47 101 4
47 102 10
47 103 1
47 104 7
47 105 9
47 106 6
47 107 7
47 108 4
47 109 8
47 110 1
48 49 6
48 50 6
48 51 1
48 52 8
48 53 8
48 54 9
48 55 5
48 56 9
48 57 9
48 58 7
48 59 3
48 60 9
48 61 6
48 62 6
48 63 5
48 64 6
48 65 5
48 66 6
48 67 7
48 68 5
48 69 4
48 70 1
48 71 3
48 72 8
48 73 5
48 74 8
48 75 7
48 76 7
48 77 6
48 78 9
48 79 10
48 80 6
48 81 3
48 82 9
48 83 3
48 84 2
48 85 10
48 86 9
48 87 3
48 88 8
48 89 6
48 90 10
48 91 1
48 92 9
48 93 5
48 94 7
48 95 4
48 96 1
48 97 5
48 98 5
48 99 6
48 100 3
48 101 7
48 102 3
48 103 8
48 104 8
48 105 4
48 106 4
48 107 2
48 108 9
48 109 7
48 110 7
49 50 2
49 51 9
49 52 3
49 53 1
49 54 4
49 55 8
49 56 3
49 57 6
49 58 10
49 59 8
49 60 8
49 61 8
49 62 4
49 63 1
49 64 2
49 65 6
49 66 10
49 67 1
49 68 5
49 69 4
49 70 9
49 71 5
49 72 8
49 73 2
49 74 5
49 75 8
49 76 5
49 77 7
49 78 6
49 79 6
49 80 3
49 81 5
49 82 5
49 83 9
49 84 8
49 85 2
49 86 8
49 87 4
49 88 4
49 89 3
49 90 1
49 91 3
49 92 4
49 93 9
49 94 4
49 95 10
49 96 2
49 97 5
49 98 7
49 99 7
49 100 3
49 101 7
49 102 7
49 103 2
49 104 5
49 105 8
49 106 7
49 107 10
49 108 9
49 109 5
49 110 2
50 51 6
50 52 2
50 53 5
50 54 7
50 55 9
50 56 4
50 57 2
50 58 7
50 59 4
50 60 3
50 61 10
50 62 10
50 63 5
50 64 9
50 65 10
50 66 4
50 67 2
50 68 10
50 69 1
50 70 1
50 71 6
50 72 2
50 73 3
50 74 1
50 75 9
50 76 8
50 77 8
50 78 7
50 79 2
50 80 9
50 81 5
50 82 1
50 83 7
50 84 2
50 85 2
50 86 4
50 87 10
50 88 7
50 89 3
50 90 4
50 91 8
50 92 8
50 93 5
50 94 8
50 95 5
50 96 4
50 97 1
50 98 6
50 99 3
50 100 4
50 101 1
50 102 3
50 103 8
50 104 9
50 105 5
50 106 1
50 107 7
50 108 1
50 109 8
50 110 5
51 52 3
51 53 5
51 54 8
51 55 4
51 56 10
51 57 1
51 58 5
51 59 4
51 60 3
51 61 10
51 62 3
51 63 8
51 64 9
51 65 3
51 66 3
51 67 4
51 68 5
51 69 2
51 70 7
51 71 6
51 72 10
51 73 7
51 74 1
51 75 4
51 76 7
51 77 9
51 78 10
51 79 4
51 80 3
51 81 2
51 82 5
51 83 3
51 84 8
51 85 8
51 86 4
51 87 1
51 88 1
51 89 10
51 90 5
51 91 3
51 92 8
51 93 1
51 94 5
51 95 8
51 96 6
51 97 1
51 98 8
51 99 2
51 100 4
51 101 2
51 102 1
51 103 8
51 104 8
51 105 4
51 106 7
51 107 7
51 108 1
51 109 5
51 110 7
52 53 6
52 54 1
52 55 2
52 56 1
52 57 3
52 58 3
52 59 4
52 60 4
52 61 9
52 62 8
52 63 8
52 64 10
52 65 3
52 66 8
52 67 5
52 68 7
52 69 5
52 70 4
52 71 7
52 72 3
52 73 4
52 74 5
52 75 4
52 76 5
52 77 5
52 78 10
52 79 9
52 80 5
52 81 1
52 82 7
52 83 1
52 84 3
52 85 1
52 86 9
52 87 4
52 88 7
52 89 2
52 90 9
52 91 7
52 92 4
52 93 2
52 94 2
52 95 6
52 96 4
52 97 8
52 98 2
52 99 2
52 100 7
52 101 9
52 102 6
52 103 4
52 104 8
52 105 6
52 106 7
52 107 1
52 108 1
52 109 10
52 110 2
53 54 7
53 55 7
53 56 5
53 57 10
53 58 8
53 59 7
53 60 4
53 61 9
53 62 1
53 63 4
53 64 8
53 65 1
53 66 1
53 67 2
53 68 1
53 69 3
53 70 9
53 71 5
53 72 4
53 73 5
53 74 10
53 75 7
53 76 4
53 77 7
53 78 9
53 79 6
53 80 10
53 81 2
53 82 7
53 83 8
53 84 6
53 85 3
53 86 5
53 87 8
53 88 8
53 89 10
53 90 7
53 91 10
53 92 8
53 93 7
53 94 2
53 95 8
53 96 10
53 97 8
53 98 3
53 99 8
53 100 6
53 101 8
53 102 5
53 103 7
53 104 2
53 105 6
53 106 1
53 107 8
53 108 8
53 109 5
53 110 8
54 55 5
54 56 7
54 57 4
54 58 10
54 59 3
54 60 1
54 61 7
54 62 9
54 63 10
54 64 8
54 65 9
54 66 9
54 67 3
54 68 3
54 69 8
54 70 7
54 71 1
54 72 8
54 73 2
54 74 4
54 75 1
54 76 3
54 77 8
54 78 6
54 79 3
54 80 9
54 81 9
54 82 2
54 83 7
54 84 6
54 85 2
54 86 10
54 87 6
54 88 4
54 89 9
54 90 10
54 91 2
54 92 7
54 93 4
54 94 4
54 95 10
54 96 8
54 97 10
54 98 3
54 99 6
54 100 3
54 101 7
54 102 1
54 103 2
54 104 8
54 105 3
54 106 6
54 107 9
54 108 2
54 109 1
54 110 2
55 56 6
55 57 2
55 58 6
55 59 1
55 60 5
55 61 5
55 62 7
55 63 4
55 64 7
55 65 5
55 66 3
55 67 4
55 68 10
55 69 4
55 70 3
55 71 5
55 72 7
55 73 4
55 74 2
55 75 1
55 76 2
55 77 3
55 78 3
55 79 4
55 80 4
55 81 3
55 82 1
55 83 1
55 84 2
55 85 8
55 86 8
55 87 6
55 88 4
55 89 10
55 90 10
55 91 5
55 92 1
55 93 2
55 94 3
55 95 4
55 96 8
55 97 6
55 98 9
55 99 7
55 100 7
55 101 3
55 102 4
55 103 7
55 104 6
55 105 6
55 106 3
55 107 5
55 108 10
55 109 7
55 110 6
56 57 4
56 58 3
56 59 1
56 60 1
56 61 10
56 62 10
56 63 3
56 64 7
56 65 5
56 66 8
56 67 5
56 68 8
56 69 3
56 70 3
56 71 3
56 72 5
56 73 9
56 74 7
56 75 2
56 76 3
56 77 4
56 78 3
56 79 5
56 80 9
56 81 10
56 82 3
56 83 10
56 84 10
56 85 3
56 86 2
56 87 5
56 88 4
56 89 3
56 90 10
56 91 8
56 92 9
56 93 1
56 94 4
56 95 7
56 96 1
56 97 10
56 98 1
56 99 2
56 100 7
56 101 6
56 102 9
56 103 4
56 104 6
56 105 6
56 106 2
56 107 10
56 108 2
56 109 8
56 110 3
57 58 9
57 59 2
57 60 7
57 61 6
57 62 2
57 63 3
57 64 9
57 65 8
57 66 6
57 67 10
57 68 2
57 69 3
57 70 3
57 71 7
57 72 4
57 73 1
57 74 10
57 75 10
57 76 7
57 77 6
57 78 2
57 79 1
57 80 3
57 81 2
57 82 4
57 83 6
57 84 4
57 85 3
57 86 10
57 87 9
57 88 9
57 89 3
57 90 1
57 91 2
57 92 1
57 93 6
57 94 9
57 95 4
57 96 5
57 97 6
57 98 10
57 99 2
57 100 2
57 101 10
57 102 6
57 103 6
57 104 6
57 105 10
57 106 6
57 107 9
57 108 5
57 109 1
57 110 4
58 59 6
58 60 2
58 61 1
58 62 4
58 63 6
58 64 4
58 65 4
58 66 2
58 67 2
58 68 6
58 69 6
58 70 2
58 71 3
58 72 4
58 73 2
58 74 8
58 75 4
58 76 5
58 77 1
58 78 3
58 79 5
58 80 2
58 81 5
58 82 8
58 83 3
58 84 6
58 85 6
58 86 10
58 87 6
58 88 6
58 89 4
58 90 1
58 91 3
58 92 6
58 93 4
58 94 10
58 95 7
58 96 9
58 97 10
58 98 4
58 99 3
58 100 8
58 101 4
58 102 4
58 103 3
58 104 10
58 105 7
58 106 2
58 107 5
58 108 6
58 109 9
58 110 4
59 60 9
59 61 5
59 62 9
59 63 8
59 64 2
59 65 6
59 66 1
59 67 1
59 68 10
59 69 9
59 70 2
59 71 9
59 72 3
59 73 3
59 74 6
59 75 8
59 76 5
59 77 2
59 78 4
59 79 1
59 80 1
59 81 7
59 82 5
59 83 3
59 84 5
59 85 9
59 86 1
59 87 3
59 88 4
59 89 3
59 90 6
59 91 6
59 92 9
59 93 1
59 94 4
59 95 2
59 96 8
59 97 1
59 98 6
59 99 9
59 100 3
59 101 3
59 102 5
59 103 9
59 104 9
59 105 1
59 106 7
59 107 8
59 108 2
59 109 9
59 110 9
60 61 10
60 62 9
60 63 2
60 64 9
60 65 7
60 66 9
60 67 4
60 68 2
60 69 3
60 70 7
60 71 9
60 72 10
60 73 1
60 74 5
60 75 2
60 76 7
60 77 5
60 78 10
60 79 6
60 80 2
60 81 4
60 82 8
60 83 10
60 84 7
60 85 7
60 86 6
60 87 7
60 88 8
60 89 2
60 90 1
60 91 5
60 92 9
60 93 8
60 94 10
60 95 7
60 96 2
60 97 10
60 98 6
60 99 8
60 100 4
60 101 5
60 102 2
60 103 10
60 104 2
60 105 10
60 106 10
60 107 3
60 108 4
60 109 2
60 110 6
61 62 2
61 63 9
61 64 8
61 65 9
61 66 4
61 67 5
61 68 5
61 69 5
61 70 7
61 71 3
61 72 3
61 73 3
61 74 6
61 75 6
61 76 9
61 77 9
61 78 10
61 79 7
61 80 8
61 81 4
61 82 8
61 83 10
61 84 1
61 85 1
61 86 7
61 87 5
61 88 8
61 89 4
61 90 4
61 91 4
61 92 2
61 93 4
61 94 8
61 95 2
61 96 4
61 97 9
61 98 6
61 99 9
61 100 6
61 101 4
61 102 8
61 103 5
61 104 1
61 105 9
61 106 9
61 107 8
61 108 4
61 109 5
61 110 6
62 63 6
62 64 6
62 65 5
62 66 5
62 67 6
62 68 9
62 69 7
62 70 5
62 71 2
62 72 7
62 73 4
62 74 10
62 75 1
62 76 1
62 77 9
62 78 6
62 79 2
62 80 2
62 81 3
62 82 3
62 83 9
62 84 4
62 85 3
62 86 10
62 87 4
62 88 2
62 89 6
62 90 8
62 91 9
62 92 3
62 93 7
62 94 10
62 95 4
62 96 1
62 97 10
62 98 7
62 99 5
62 100 2
62 101 4
62 102 7
62 103 3
62 104 10
62 105 2
62 106 10
62 107 1
62 108 4
62 109 3
62 110 3
63 64 4
63 65 10
63 66 7
63 67 3
63 68 2
63 69 10
63 70 4
63 71 6
63 72 6
63 73 4
63 74 3
63 75 10
63 76 8
63 77 6
63 78 10
63 79 5
63 80 5
63 81 4
63 82 3
63 83 9
63 84 10
63 85 3
63 86 8
63 87 2
63 88 9
63 89 9
63 90 2
63 91 3
63 92 10
63 93 1
63 94 7
63 95 5
63 96 10
63 97 9
63 98 8
63 99 5
63 100 6
63 101 6
63 102 5
63 103 5
63 104 6
63 105 5
63 106 6
63 107 1
63 108 1
63 109 5
63 110 1
64 65 8
64 66 5
64 67 7
64 68 4
64 69 10
64 70 2
64 71 1
64 72 1
64 73 9
64 74 9
64 75 9
64 76 9
64 77 5
64 78 4
64 79 1
64 80 10
64 81 8
64 82 5
64 83 6
64 84 3
64 85 3
64 86 8
64 87 10
64 88 6
64 89 2
64 90 1
64 91 4
64 92 10
64 93 6
64 94 8
64 95 10
64 96 4
64 97 8
64 98 3
64 99 2
64 100 1
64 101 7
64 102 9
64 103 6
64 104 7
64 105 8
64 106 3
64 107 6
64 108 7
64 109 9
64 110 1
65 66 10
65 67 8
65 68 7
65 69 4
65 70 7
65 71 3
65 72 3
65 73 6
65 74 9
65 75 2
65 76 5
65 77 1
65 78 4
65 79 9
65 80 4
65 81 2
65 82 6
65 83 4
65 84 5
65 85 8
65 86 5
65 87 2
65 88 3
65 89 1
65 90 9
65 91 6
65 92 7
65 93 4
65 94 9
65 95 9
65 96 5
65 97 8
65 98 4
65 99 8
65 100 1
65 101 7
65 102 8
65 103 8
65 104 3
65 105 9
65 106 1
65 107 7
65 108 8
65 109 4
65 110 8
66 67 7
66 68 4
66 69 9
66 70 6
66 71 7
66 72 4
66 73 1
66 74 6
66 75 10
66 76 10
66 77 4
66 78 7
66 79 10
66 80 2
66 81 10
66 82 9
66 83 5
66 84 8
66 85 8
66 86 6
66 87 6
66 88 5
66 89 6
66 90 4
66 91 4
66 92 2
66 93 7
66 94 10
66 95 4
66 96 9
66 97 4
66 98 3
66 99 4
66 100 2
66 101 9
66 102 3
66 103 1
66 104 6
66 105 7
66 106 10
66 107 9
66 108 7
66 109 3
66 110 4
67 68 7
67 69 8
67 70 4
67 71 1
67 72 10
67 73 1
67 74 5
67 75 6
67 76 10
67 77 7
67 78 2
67 79 6
67 80 9
67 81 7
67 82 8
67 83 2
67 84 7
67 85 10
67 86 3
67 87 2
67 88 6
67 89 5
67 90 4
67 91 9
67 92 2
67 93 7
67 94 3
67 95 9
67 96 6
67 97 6
67 98 9
67 99 1
67 100 5
67 101 3
67 102 3
67 103 5
67 104 2
67 105 7
67 106 1
67 107 10
67 108 6
67 109 8
67 110 3
68 69 3
68 70 10
68 71 1
68 72 10
68 73 6
68 74 10
68 75 1
68 76 8
68 77 4
68 78 2
68 79 10
68 80 10
68 81 3
68 82 3
68 83 6
68 84 7
68 85 4
68 86 6
68 87 9
68 88 10
68 89 8
68 90 10
68 91 2
68 92 7
68 93 3
68 94 1
68 95 4
68 96 2
68 97 6
68 98 3
68 99 5
68 100 3
68 101 1
68 102 7
68 103 7
68 104 8
68 105 1
68 106 7
68 107 10
68 108 2
68 109 6
68 110 8
69 70 7
69 71 3
69 72 9
69 73 7
69 74 1
69 75 6
69 76 10
69 77 5
69 78 5
69 79 3
69 80 10
69 81 1
69 82 5
69 83 10
69 84 8
69 85 7
69 86 5
69 87 5
69 88 6
69 89 10
69 90 7
69 91 6
69 92 7
69 93 2
69 94 2
69 95 5
69 96 6
69 97 3
69 98 6
69 99 9
69 100 2
69 101 8
69 102 2
69 103 2
69 104 10
69 105 5
69 106 4
69 107 3
69 108 7
69 109 5
69 110 10
70 71 1
70 72 4
70 73 8
70 74 8
70 75 3
70 76 1
70 77 6
70 78 8
70 79 5
70 80 9
70 81 8
70 82 10
70 83 9
70 84 3
70 85 10
70 86 3
70 87 6
70 88 8
70 89 7
70 90 7
70 91 8
70 92 2
70 93 8
70 94 9
70 95 10
70 96 9
70 97 3
70 98 1
70 99 7
70 100 1
70 101 9
70 102 5
70 103 3
70 104 4
70 105 9
70 106 1
70 107 1
70 108 9
70 109 3
70 110 2
71 72 9
71 73 2
71 74 5
71 75 4
71 76 9
71 77 8
71 78 4
71 79 3
71 80 7
71 81 10
71 82 9
71 83 9
71 84 1
71 85 2
71 86 8
71 87 9
71 88 5
71 89 2
71 90 6
71 91 1
71 92 5
71 93 2
71 94 1
71 95 6
71 96 1
71 97 3
71 98 5
71 99 2
71 100 5
71 101 1
71 102 7
71 103 6
71 104 9
71 105 2
71 106 3
71 107 1
71 108 3
71 109 1
71 110 1
72 73 8
72 74 1
72 75 10
72 76 1
72 77 2
72 78 5
72 79 1
72 80 4
72 81 10
72 82 7
72 83 10
72 84 2
72 85 8
72 86 7
72 87 8
72 88 6
72 89 6
72 90 6
72 91 9
72 92 4
72 93 7
72 94 6
72 95 10
72 96 3
72 97 3
72 98 3
72 99 3
72 100 10
72 101 7
72 102 8
72 103 3
72 104 7
72 105 5
72 106 6
72 107 1
72 108 10
72 109 4
72 110 1
73 74 3
73 75 8
73 76 10
73 77 9
73 78 4
73 79 2
73 80 2
73 81 1
73 82 10
73 83 4
73 84 4
73 85 7
73 86 8
73 87 1
73 88 8
73 89 10
73 90 7
73 91 5
73 92 3
73 93 2
73 94 8
73 95 3
73 96 3
73 97 1
73 98 6
73 99 10
73 100 2
73 101 1
73 102 3
73 103 3
73 104 8
73 105 7
73 106 5
73 107 4
73 108 7
73 109 3
73 110 4
74 75 9
74 76 6
74 77 10
74 78 4
74 79 2
74 80 5
74 81 6
74 82 10
74 83 1
74 84 3
74 85 4
74 86 6
74 87 9
74 88 2
74 89 8
74 90 3
74 91 8
74 92 7
74 93 4
74 94 3
74 95 2
74 96 2
74 97 1
74 98 2
74 99 5
74 100 4
74 101 2
74 102 10
74 103 6
74 104 7
74 105 9
74 106 10
74 107 7
74 108 5
74 109 2
74 110 7
75 76 5
75 77 5
75 78 6
75 79 3
75 80 3
75 81 10
75 82 10
75 83 1
75 84 5
75 85 6
75 86 6
75 87 9
75 88 4
75 89 5
75 90 10
75 91 1
75 92 1
75 93 10
75 94 5
75 95 10
75 96 10
75 97 8
75 98 8
75 99 4
75 100 5
75 101 4
75 102 7
75 103 1
75 104 9
75 105 4
75 106 5
75 107 7
75 108 8
75 109 4
75 110 6
76 77 10
76 78 10
76 79 6
76 80 8
76 81 4
76 82 2
76 83 5
76 84 1
76 85 5
76 86 9
76 87 6
76 88 10
76 89 8
76 90 10
76 91 3
76 92 1
76 93 9
76 94 5
76 95 7
76 96 3
76 97 7
76 98 9
76 99 9
76 100 2
76 101 7
76 102 4
76 103 3
76 104 1
76 105 10
76 106 3
76 107 7
76 108 6
76 109 10
76 110 9
77 78 9
77 79 4
77 80 6
77 81 1
77 82 10
77 83 9
77 84 6
77 85 6
77 86 4
77 87 6
77 88 7
77 89 3
77 90 3
77 91 2
77 92 6
77 93 7
77 94 10
77 95 10
77 96 9
77 97 6
77 98 9
77 99 1
77 100 3
77 101 10
77 102 6
77 103 4
77 104 2
77 105 8
77 106 5
77 107 4
77 108 6
77 109 3
77 110 1
78 79 10
78 80 2
78 81 8
78 82 4
78 83 5
78 84 10
78 85 3
78 86 1
78 87 9
78 88 9
78 89 1
78 90 1
78 91 5
78 92 4
78 93 6
78 94 4
78 95 8
78 96 7
78 97 3
78 98 1
78 99 9
78 100 3
78 101 6
78 102 1
78 103 5
78 104 7
78 105 8
78 106 4
78 107 9
78 108 5
78 109 3
78 110 8
79 80 1
79 81 10
79 82 7
79 83 10
79 84 3
79 85 3
79 86 5
79 87 3
79 88 4
79 89 3
79 90 1
79 91 10
79 92 5
79 93 4
79 94 7
79 95 7
79 96 3
79 97 10
79 98 4
79 99 2
79 100 4
79 101 4
79 102 5
79 103 9
79 104 8
79 105 2
79 106 4
79 107 5
79 108 5
79 109 5
79 110 6
80 81 3
80 82 10
80 83 10
80 84 2
80 85 5
80 86 1
80 87 10
80 88 7
80 89 1
80 90 9
80 91 5
80 92 7
80 93 5
80 94 1
80 95 3
80 96 10
80 97 1
80 98 8
80 99 5
80 100 5
80 101 10
80 102 4
80 103 2
80 104 2
80 105 10
80 106 8
80 107 9
80 108 1
80 109 1
80 110 2
81 82 5
81 83 7
81 84 7
81 85 8
81 86 5
81 87 6
81 88 6
81 89 5
81 90 1
81 91 1
81 92 6
81 93 7
81 94 3
81 95 7
81 96 2
81 97 1
81 98 8
81 99 2
81 100 5
81 101 3
81 102 9
81 103 6
81 104 4
81 105 9
81 106 2
81 107 5
81 108 2
81 109 3
81 110 2
82 83 7
82 84 1
82 85 6
82 86 2
82 87 6
82 88 7
82 89 7
82 90 3
82 91 7
82 92 6
82 93 6
82 94 2
82 95 3
82 96 5
82 97 6
82 98 4
82 99 4
82 100 4
82 101 6
82 102 1
82 103 9
82 104 9
82 105 1
82 106 3
82 107 8
82 108 1
82 109 8
82 110 1
83 84 10
83 85 4
83 86 6
83 87 7
83 88 6
83 89 2
83 90 1
83 91 5
83 92 4
83 93 2
83 94 2
83 95 6
83 96 1
83 97 4
83 98 2
83 99 7
83 100 2
83 101 9
83 102 4
83 103 5
83 104 7
83 105 9
83 106 8
83 107 10
83 108 9
83 109 6
83 110 8
84 85 7
84 86 2
84 87 10
84 88 3
84 89 7
84 90 10
84 91 10
84 92 2
84 93 7
84 94 1
84 95 1
84 96 10
84 97 1
84 98 4
84 99 10
84 100 6
84 101 7
84 102 5
84 103 8
84 104 5
84 105 8
84 106 5
84 107 6
84 108 1
84 109 9
84 110 3
85 86 5
85 87 6
85 88 8
85 89 1
85 90 10
85 91 3
85 92 1
85 93 9
85 94 10
85 95 1
85 96 10
85 97 3
85 98 6
85 99 2
85 100 6
85 101 10
85 102 3
85 103 9
85 104 8
85 105 8
85 106 3
85 107 6
85 108 4
85 109 4
85 110 1
86 87 6
86 88 6
86 89 6
86 90 10
86 91 7
86 92 8
86 93 1
86 94 2
86 95 3
86 96 10
86 97 10
86 98 6
86 99 8
86 100 3
86 101 8
86 102 1
86 103 7
86 104 9
86 105 3
86 106 1
86 107 10
86 108 1
86 109 5
86 110 7
87 88 2
87 89 4
87 90 7
87 91 7
87 92 4
87 93 8
87 94 4
87 95 2
87 96 8
87 97 1
87 98 4
87 99 5
87 100 8
87 101 2
87 102 5
87 103 9
87 104 4
87 105 6
87 106 7
87 107 3
87 108 3
87 109 1
87 110 4
88 89 7
88 90 3
88 91 6
88 92 7
88 93 5
88 94 2
88 95 3
88 96 1
88 97 4
88 98 10
88 99 2
88 100 9
88 101 10
88 102 2
88 103 3
88 104 2
88 105 4
88 106 2
88 107 10
88 108 1
88 109 8
88 110 4
89 90 9
89 91 4
89 92 7
89 93 5
89 94 4
89 95 3
89 96 5
89 97 5
89 98 5
89 99 6
89 100 5
89 101 4
89 102 1
89 103 2
89 104 2
89 105 5
89 106 3
89 107 10
89 108 2
89 109 3
89 110 10
90 91 2
90 92 7
90 93 4
90 94 1
90 95 5
90 96 6
90 97 1
90 98 5
90 99 4
90 100 6
90 101 6
90 102 5
90 103 10
90 104 9
90 105 2
90 106 10
90 107 2
90 108 5
90 109 8
90 110 9
91 92 8
91 93 9
91 94 9
91 95 6
91 96 10
91 97 6
91 98 10
91 99 7
91 100 3
91 101 3
91 102 10
91 103 3
91 104 2
91 105 10
91 106 3
91 107 5
91 108 8
91 109 7
91 110 2
92 93 1
92 94 9
92 95 4
92 96 4
92 97 8
92 98 8
92 99 4
92 100 1
92 101 7
92 102 5
92 103 10
92 104 1
92 105 6
92 106 9
92 107 9
92 108 7
92 109 9
92 110 1
93 94 6
93 95 7
93 96 9
93 97 6
93 98 10
93 99 5
93 100 7
93 101 6
93 102 5
93 103 2
93 104 5
93 105 6
93 106 1
93 107 8
93 108 7
93 109 3
93 110 7
94 95 5
94 96 3
94 97 4
94 98 7
94 99 6
94 100 7
94 101 2
94 102 5
94 103 2
94 104 9
94 105 8
94 106 6
94 107 3
94 108 5
94 109 10
94 110 2
95 96 7
95 97 3
95 98 9
95 99 5
95 100 5
95 101 7
95 102 8
95 103 2
95 104 5
95 105 9
95 106 9
95 107 2
95 108 3
95 109 6
95 110 8
96 97 4
96 98 9
96 99 5
96 100 8
96 101 7
96 102 6
96 103 9
96 104 6
96 105 2
96 106 3
96 107 7
96 108 2
96 109 10
96 110 4
97 98 7
97 99 9
97 100 3
97 101 4
97 102 5
97 103 10
97 104 9
97 105 6
97 106 3
97 107 1
97 108 7
97 109 5
97 110 7
98 99 5
98 100 3
98 101 8
98 102 1
98 103 6
98 104 10
98 105 9
98 106 2
98 107 2
98 108 10
98 109 10
98 110 9
99 100 6
99 101 8
99 102 7
99 103 4
99 104 6
99 105 8
99 106 2
99 107 3
99 108 10
99 109 8
99 110 4
100 101 10
100 102 7
100 103 4
100 104 3
100 105 6
100 106 6
100 107 3
100 108 3
100 109 6
100 110 10
101 102 7
101 103 4
101 104 9
101 105 1
101 106 3
101 107 4
101 108 5
101 109 2
101 110 10
102 103 1
102 104 6
102 105 2
102 106 9
102 107 3
102 108 4
102 109 3
102 110 7
103 104 7
103 105 8
103 106 3
103 107 9
103 108 7
103 109 9
103 110 2
104 105 4
104 106 10
104 107 7
104 108 10
104 109 3
104 110 7
105 106 10
105 107 10
105 108 2
105 109 2
105 110 2
106 107 2
106 108 4
106 109 10
106 110 6
107 108 9
107 109 10
107 110 6
108 109 9
108 110 6
109 110 1
