1770
1 2 5
1 3 5
1 4 10
1 5 7
1 6 1
1 7 8
1 8 10
1 9 1
1 10 6
1 11 6
1 12 8
1 13 8
1 14 5
1 15 9
1 16 1
1 17 8
1 18 2
1 19 10
1 20 6
1 21 10
1 22 5
1 23 1
1 24 1
1 25 4
1 26 10
1 27 3
1 28 7
1 29 2
1 30 3
1 31 3
1 32 8
1 33 8
1 34 1
1 35 2
1 36 6
1 37 8
1 38 10
1 39 10
1 40 1
1 41 7
1 42 5
1 43 2
1 44 9
1 45 7
1 46 6
1 47 8
1 48 6
1 49 6
1 50 1
1 51 5
1 52 9
1 53 9
1 54 5
1 55 8
1 56 6
1 57 3
1 58 5
1 59 3
1 60 5
2 3 6
2 4 10
2 5 1
2 6 4
2 7 8
2 8 3
2 9 8
2 10 5
2 11 8
2 12 1
2 13 7
2 14 5
2 15 2
2 16 10
2 17 2
2 18 2
2 19 8
2 20 4
2 21 5
2 22 6
2 23 8
2 24 3
2 25 3
2 26 9
2 27 3
2 28 5
2 29 4
2 30 6
2 31 10
2 32 4
2 33 7
2 34 2
2 35 7
2 36 9
2 37 3
2 38 3
2 39 10
2 40 1
2 41 9
2 42 4
2 43 4
2 44 9
2 45 8
2 46 10
2 47 8
2 48 8
2 49 10
2 50 5
2 51 4
2 52 7
2 53 6
2 54 8
2 55 6
2 56 6
2 57 10
2 58 2
2 59 3
2 60 10
3 4 6
3 5 2
3 6 3
3 7 4
3 8 6
3 9 2
3 10 3
3 11 3
3 12 9
3 13 9
3 14 1
3 15 3
3 16 3
3 17 10
3 18 3
3 19 4
3 20 6
3 21 4
3 22 7
3 23 9
3 24 7
3 25 4
3 26 9
3 27 7
3 28 8
3 29 4
3 30 7
3 31 5
3 32 6
3 33 1
3 34 2
3 35 10
3 36 7
3 37 3
3 38 1
3 39 5
3 40 3
3 41 7
3 42 3
3 43 5
3 44 8
3 45 8
3 46 2
3 47 6
3 48 9
3 49 9
3 50 7
3 51 9
3 52 4
3 53 7
3 54 10
3 55 9
3 56 10
3 57 8
3 58 2
3 59 3
3 60 7
4 5 5
4 6 7
4 7 8
4 8 6
4 9 2
4 10 2
4 11 8
4 12 10
4 13 4
4 14 9
4 15 9
4 16 1
4 17 8
4 18 4
4 19 2
4 20 10
4 21 3
4 22 7
4 23 10
4 24 4
4 25 9
4 26 10
4 27 1
4 28 2
4 29 8
4 30 8
4 31 8
4 32 4
4 33 6
4 34 7
4 35 2
4 36 8
4 37 5
4 38 7
4 39 7
4 40 5
4 41 6
4 42 9
4 43 2
4 44 9
4 45 10
4 46 9
4 47 8
4 48 1
4 49 8
4 50 7
4 51 1
4 52 2
4 53 5
4 54 9
4 55 6
4 56 7
4 57 7
4 58 2
4 59 6
4 60 4
5 6 10
5 7 9
5 8 5
5 9 7
5 10 10
5 11 6
5 12 1
5 13 1
5 14 3
5 15 2
5 16 2
5 17 3
5 18 4
5 19 10
5 20 4
5 21 4
5 22 9
5 23 2
5 24 1
5 25 2
5 26 7
5 27 6
5 28 2
5 29 1
5 30 5
5 31 3
5 32 6
5 33 7
5 34 8
5 35 9
5 36 10
5 37 8
5 38 8
5 39 6
5 40 5
5 41 2
5 42 7
5 43 3
5 44 5
5 45 2
5 46 7
5 47 3
5 48 7
5 49 4
5 50 10
5 51 7
5 52 8
5 53 7
5 54 8
5 55 5
5 56 3
5 57 10
5 58 2
5 59 2
5 60 9
6 7 6
6 8 1
6 9 2
6 10 1
6 11 5
6 12 10
6 13 1
6 14 10
6 15 6
6 16 6
6 17 10
6 18 9
6 19 1
6 20 9
6 21 5
6 22 1
6 23 6
6 24 3
6 25 5
6 26 9
6 27 7
6 28 6
6 29 9
6 30 7
6 31 2
6 32 9
6 33 6
6 34 9
6 35 7
6 36 6
6 37 10
6 38 5
6 39 3
6 40 9
6 41 4
6 42 3
6 43 6
6 44 7
6 45 2
6 46 10
6 47 3
6 48 2
6 49 2
6 50 5
6 51 8
6 52 2
6 53 6
6 54 7
6 55 1
6 56 10
6 57 3
6 58 8
6 59 5
6 60 2
7 8 3
7 9 5
7 10 1
7 11 8
7 12 7
7 13 6
7 14 10
7 15 5
7 16 7
7 17 1
7 18 10
7 19 3
7 20 6
7 21 1
7 22 2
7 23 3
7 24 5
7 25 4
7 26 8
7 27 7
7 28 9
7 29 3
7 30 4
7 31 2
7 32 2
7 33 6
7 34 7
7 35 4
7 36 4
7 37 5
7 38 10
7 39 3
7 40 2
7 41 1
7 42 3
7 43 1
7 44 6
7 45 4
7 46 7
7 47 1
7 48 8
7 49 1
7 50 3
7 51 3
7 52 1
7 53 10
7 54 8
7 55 3
7 56 6
7 57 2
7 58 3
7 59 4
7 60 2
8 9 10
8 10 5
8 11 4
8 12 5
8 13 10
8 14 10
8 15 8
8 16 9
8 17 2
8 18 9
8 19 8
8 20 6
8 21 4
8 22 7
8 23 2
8 24 7
8 25 7
8 26 7
8 27 1
8 28 8
8 29 2
8 30 6
8 31 5
8 32 7
8 33 5
8 34 5
8 35 7
8 36 5
8 37 1
8 38 10
8 39 2
8 40 1
8 41 5
8 42 10
8 43 8
8 44 3
8 45 10
8 46 7
8 47 5
8 48 9
8 49 6
8 50 2
8 51 3
8 52 4
8 53 10
8 54 9
8 55 10
8 56 3
8 57 2
8 58 3
8 59 9
8 60 3
9 10 2
9 11 7
9 12 8
9 13 7
9 14 8
9 15 1
9 16 7
9 17 5
9 18 5
9 19 10
9 20 5
9 21 4
9 22 4
9 23 4
9 24 2
9 25 2
9 26 5
9 27 4
9 28 7
9 29 8
9 30 1
9 31 7
9 32 3
9 33 6
9 34 4
9 35 9
9 36 6
9 37 5
9 38 5
9 39 9
9 40 7
9 41 9
9 42 10
9 43 4
9 44 7
9 45 7
9 46 10
9 47 2
9 48 4
9 49 6
9 50 5
9 51 3
9 52 7
9 53 4
9 54 4
9 55 9
9 56 10
9 57 10
9 58 10
9 59 1
9 60 6
10 11 2
10 12 10
10 13 1
10 14 9
10 15 6
10 16 1
10 17 8
10 18 3
10 19 6
10 20 9
10 21 9
10 22 7
10 23 1
10 24 9
10 25 6
10 26 9
10 27 10
10 28 1
10 29 3
10 30 5
10 31 3
10 32 1
10 33 3
10 34 10
10 35 10
10 36 9
10 37 10
10 38 8
10 39 3
10 40 5
10 41 4
10 42 6
10 43 4
10 44 2
10 45 4
10 46 10
10 47 10
10 48 9
10 49 2
10 50 3
10 51 6
10 52 8
10 53 6
10 54 6
10 55 5
10 56 10
10 57 7
10 58 1
10 59 4
10 60 1
11 12 9
11 13 7
11 14 7
11 15 4
11 16 8
11 17 7
11 18 8
11 19 5
11 20 9
11 21 10
11 22 4
11 23 10
11 24 8
11 25 2
11 26 10
11 27 5
11 28 3
11 29 2
11 30 9
11 31 6
11 32 3
11 33 1
11 34 9
11 35 7
11 36 4
11 37 6
11 38 2
11 39 9
11 40 6
11 41 3
11 42 10
11 43 10
11 44 9
11 45 6
11 46 7
11 47 6
11 48 3
11 49 9
11 50 9
11 51 5
11 52 4
11 53 5
11 54 7
11 55 3
11 56 7
11 57 1
11 58 6
11 59 3
11 60 4
12 13 2
12 14 4
12 15 10
12 16 3
12 17 7
12 18 7
12 19 2
12 20 5
12 21 3
12 22 5
12 23 5
12 24 8
12 25 6
12 26 2
12 27 2
12 28 6
12 29 2
12 30 6
12 31 6
12 32 4
12 33 5
12 34 6
12 35 6
12 36 5
12 37 7
12 38 5
12 39 1
12 40 10
12 41 3
12 42 4
12 43 8
12 44 2
12 45 3
12 46 10
12 47 8
12 48 7
12 49 5
12 50 3
12 51 10
12 52 2
12 53 10
12 54 9
12 55 2
12 56 4
12 57 2
12 58 6
12 59 4
12 60 5
13 14 5
13 15 3
13 16 7
13 17 3
13 18 8
13 19 3
13 20 3
13 21 4
13 22 7
13 23 9
13 24 7
13 25 4
13 26 4
13 27 5
13 28 6
13 29 4
13 30 8
13 31 5
13 32 10
13 33 3
13 34 7
13 35 4
13 36 2
13 37 2
13 38 7
13 39 4
13 40 3
13 41 8
13 42 4
13 43 3
13 44 10
13 45 8
13 46 9
13 47 9
13 48 9
13 49 2
13 50 2
13 51 2
13 52 4
13 53 10
13 54 8
13 55 3
13 56 8
13 57 7
13 58 6
13 59 4
13 60 5
14 15 5
14 16 8
14 17 8
14 18 5
14 19 7
14 20 7
14 21 7
14 22 5
14 23 6
14 24 3
14 25 7
14 26 4
14 27 6
14 28 8
14 29 7
14 30 3
14 31 7
14 32 5
14 33 10
14 34 4
14 35 8
14 36 8
14 37 4
14 38 3
14 39 3
14 40 9
14 41 8
14 42 8
14 43 2
14 44 5
14 45 2
14 46 3
14 47 1
14 48 4
14 49 7
14 50 8
14 51 4
14 52 5
14 53 5
14 54 1
14 55 8
14 56 3
14 57 4
14 58 6
14 59 8
14 60 8
15 16 1
15 17 8
15 18 3
15 19 6
15 20 8
15 21 2
15 22 9
15 23 9
15 24 8
15 25 9
15 26 2
15 27 5
15 28 8
15 29 7
15 30 3
15 31 1
15 32 6
15 33 4
15 34 7
15 35 2
15 36 4
15 37 3
15 38 9
15 39 6
15 40 7
15 41 10
15 42 2
15 43 3
15 44 2
15 45 9
15 46 2
15 47 5
15 48 7
15 49 9
15 50 4
15 51 5
15 52 2
15 53 4
15 54 4
15 55 4
15 56 2
15 57 10
15 58 3
15 59 7
15 60 8
16 17 7
16 18 3
16 19 7
16 20 4
16 21 2
16 22 5
16 23 3
16 24 6
16 25 8
16 26 9
16 27 10
16 28 7
16 29 6
16 30 6
16 31 5
16 32 1
16 33 10
16 34 2
16 35 7
16 36 7
16 37 3
16 38 6
16 39 4
16 40 5
16 41 2
16 42 9
16 43 7
16 44 6
16 45 9
16 46 9
16 47 8
16 48 4
16 49 1
16 50 7
16 51 3
16 52 8
16 53 9
16 54 8
16 55 7
16 56 4
16 57 9
16 58 1
16 59 9
16 60 1
17 18 1
17 19 5
17 20 4
17 21 8
17 22 2
17 23 3
17 24 1
17 25 3
17 26 1
17 27 5
17 28 5
17 29 2
17 30 9
17 31 1
17 32 1
17 33 2
17 34 2
17 35 5
17 36 10
17 37 9
17 38 1
17 39 6
17 40 8
17 41 5
17 42 6
17 43 4
17 44 9
17 45 9
17 46 7
17 47 9
17 48 10
17 49 8
17 50 3
17 51 6
17 52 7
17 53 5
17 54 1
17 55 6
17 56 1
17 57 3
17 58 4
17 59 4
17 60 4
18 19 10
18 20 5
18 21 9
18 22 3
18 23 4
18 24 3
18 25 6
18 26 5
18 27 6
18 28 6
18 29 3
18 30 1
18 31 10
18 32 5
18 33 8
18 34 4
18 35 6
18 36 8
18 37 9
18 38 7
18 39 10
18 40 5
18 41 1
18 42 1
18 43 10
18 44 2
18 45 4
18 46 8
18 47 4
18 48 3
18 49 2
18 50 3
18 51 3
18 52 10
18 53 6
18 54 4
18 55 2
18 56 6
18 57 1
18 58 7
18 59 8
18 60 7
19 20 1
19 21 1
19 22 3
19 23 6
19 24 2
19 25 8
19 26 4
19 27 6
19 28 2
19 29 4
19 30 1
19 31 5
19 32 6
19 33 3
19 34 6
19 35 4
19 36 6
19 37 8
19 38 9
19 39 5
19 40 1
19 41 5
19 42 9
19 43 3
19 44 4
19 45 4
19 46 5
19 47 4
19 48 8
19 49 10
19 50 6
19 51 3
19 52 8
19 53 8
19 54 1
19 55 10
19 56 3
19 57 8
19 58 9
19 59 2
19 60 10
20 21 2
20 22 3
20 23 7
20 24 7
20 25 8
20 26 4
20 27 1
20 28 10
20 29 4
20 30 10
20 31 7
20 32 8
20 33 9
20 34 7
20 35 10
20 36 5
20 37 7
20 38 9
20 39 2
20 40 3
20 41 2
20 42 3
20 43 9
20 44 1
20 45 3
20 46 3
20 47 1
20 48 5
20 49 9
20 50 3
20 51 7
20 52 7
20 53 4
20 54 8
20 55 6
20 56 9
20 57 4
20 58 7
20 59 3
20 60 9
21 22 9
21 23 6
21 24 2
21 25 3
21 26 10
21 27 9
21 28 5
21 29 4
21 30 8
21 31 1
21 32 5
21 33 10
21 34 5
21 35 9
21 36 7
21 37 9
21 38 5
21 39 5
21 40 3
21 41 6
21 42 10
21 43 1
21 44 9
21 45 5
21 46 7
21 47 9
21 48 10
21 49 5
21 50 8
21 51 1
21 52 1
21 53 5
21 54 1
21 55 5
21 56 10
21 57 6
21 58 2
21 59 5
21 60 10
22 23 10
22 24 2
22 25 7
22 26 3
22 27 10
22 28 4
22 29 4
22 30 1
22 31 8
22 32 1
22 33 10
22 34 1
22 35 7
22 36 10
22 37 8
22 38 6
22 39 9
22 40 4
22 41 5
22 42 7
22 43 1
22 44 3
22 45 1
22 46 2
22 47 8
22 48 6
22 49 6
22 50 8
22 51 2
22 52 7
22 53 8
22 54 6
22 55 1
22 56 2
22 57 3
22 58 8
22 59 9
22 60 10
23 24 7
23 25 9
23 26 3
23 27 4
23 28 10
23 29 6
23 30 4
23 31 1
23 32 9
23 33 7
23 34 1
23 35 5
23 36 8
23 37 3
23 38 5
23 39 8
23 40 4
23 41 7
23 42 10
23 43 3
23 44 1
23 45 3
23 46 8
23 47 3
23 48 9
23 49 4
23 50 8
23 51 3
23 52 9
23 53 2
23 54 6
23 55 3
23 56 4
23 57 7
23 58 1
23 59 1
23 60 6
24 25 10
24 26 3
24 27 7
24 28 4
24 29 8
24 30 2
24 31 8
24 32 8
24 33 10
24 34 6
24 35 9
24 36 9
24 37 5
24 38 1
24 39 4
24 40 4
24 41 7
24 42 1
24 43 1
24 44 6
24 45 3
24 46 2
24 47 2
24 48 1
24 49 10
24 50 10
24 51 4
24 52 3
24 53 5
24 54 6
24 55 8
24 56 2
24 57 8
24 58 3
24 59 1
24 60 1
25 26 2
25 27 4
25 28 8
25 29 3
25 30 2
25 31 2
25 32 10
25 33 10
25 34 3
25 35 10
25 36 4
25 37 3
25 38 1
25 39 10
25 40 3
25 41 5
25 42 7
25 43 2
25 44 10
25 45 3
25 46 2
25 47 3
25 48 2
25 49 5
25 50 5
25 51 1
25 52 10
25 53 3
25 54 4
25 55 5
25 56 3
25 57 1
25 58 4
25 59 9
25 60 10
26 27 6
26 28 5
26 29 9
26 30 9
26 31 10
26 32 8
26 33 4
26 34 8
26 35 9
26 36 4
26 37 6
26 38 9
26 39 1
26 40 9
26 41 2
26 42 5
26 43 9
26 44 6
26 45 3
26 46 9
26 47 1
26 48 9
26 49 5
26 50 10
26 51 4
26 52 1
26 53 2
26 54 1
26 55 7
26 56 6
26 57 5
26 58 6
26 59 1
26 60 1
27 28 1
27 29 7
27 30 7
27 31 3
27 32 6
27 33 10
27 34 5
27 35 3
27 36 8
27 37 1
27 38 8
27 39 9
27 40 10
27 41 5
27 42 8
27 43 2
27 44 4
27 45 2
27 46 2
27 47 9
27 48 10
27 49 5
27 50 2
27 51 5
27 52 9
27 53 8
27 54 4
27 55 3
27 56 5
27 57 3
27 58 10
27 59 1
27 60 2
28 29 1
28 30 1
28 31 10
28 32 4
28 33 1
28 34 9
28 35 7
28 36 7
28 37 3
28 38 7
28 39 10
28 40 8
28 41 3
28 42 4
28 43 2
28 44 1
28 45 8
28 46 6
28 47 6
28 48 1
28 49 8
28 50 3
28 51 1
28 52 4
28 53 1
28 54 7
28 55 3
28 56 9
28 57 7
28 58 10
28 59 3
28 60 7
29 30 2
29 31 4
29 32 8
29 33 6
29 34 10
29 35 1
29 36 6
29 37 5
29 38 5
29 39 2
29 40 8
29 41 10
29 42 10
29 43 6
29 44 7
29 45 1
29 46 8
29 47 3
29 48 9
29 49 5
29 50 2
29 51 9
29 52 7
29 53 2
29 54 5
29 55 7
29 56 2
29 57 5
29 58 8
29 59 4
29 60 3
30 31 5
30 32 5
30 33 3
30 34 2
30 35 6
30 36 1
30 37 3
30 38 3
30 39 8
30 40 3
30 41 3
30 42 2
30 43 9
30 44 4
30 45 8
30 46 6
30 47 8
30 48 10
30 49 10
30 50 3
30 51 4
30 52 5
30 53 10
30 54 8
30 55 4
30 56 3
30 57 7
30 58 8
30 59 3
30 60 6
31 32 5
31 33 6
31 34 10
31 35 6
31 36 7
31 37 5
31 38 10
31 39 9
31 40 10
31 41 2
31 42 4
31 43 1
31 44 4
31 45 9
31 46 6
31 47 3
31 48 5
31 49 7
31 50 10
31 51 4
31 52 9
31 53 5
31 54 9
31 55 9
31 56 9
31 57 3
31 58 1
31 59 4
31 60 2
32 33 1
32 34 5
32 35 7
32 36 4
32 37 7
32 38 4
32 39 4
32 40 7
32 41 1
32 42 8
32 43 2
32 44 10
32 45 2
32 46 2
32 47 6
32 48 9
32 49 7
32 50 4
32 51 9
32 52 7
32 53 5
32 54 8
32 55 6
32 56 5
32 57 3
32 58 9
32 59 7
32 60 3
33 34 2
33 35 2
33 36 7
33 37 1
33 38 4
33 39 9
33 40 10
33 41 5
33 42 2
33 43 10
33 44 2
33 45 2
33 46 1
33 47 9
33 48 5
33 49 6
33 50 10
33 51 8
33 52 5
33 53 2
33 54 4
33 55 3
33 56 8
33 57 6
33 58 4
33 59 10
33 60 4
34 35 1
34 36 1
34 37 2
34 38 6
34 39 8
34 40 6
34 41 9
34 42 5
34 43 8
34 44 9
34 45 9
34 46 3
34 47 1
34 48 7
34 49 2
34 50 2
34 51 4
34 52 8
34 53 1
34 54 7
34 55 4
34 56 2
34 57 6
34 58 2
34 59 6
34 60 6
35 36 5
35 37 5
35 38 2
35 39 4
35 40 7
35 41 1
35 42 10
35 43 7
35 44 4
35 45 6
35 46 9
35 47 9
35 48 9
35 49 9
35 50 7
35 51 8
35 52 3
35 53 5
35 54 9
35 55 2
35 56 6
35 57 1
35 58 1
35 59 10
35 60 3
36 37 6
36 38 8
36 39 4
36 40 7
36 41 8
36 42 4
36 43 3
36 44 4
36 45 1
36 46 3
36 47 1
36 48 5
36 49 3
36 50 6
36 51 7
36 52 1
36 53 2
36 54 1
36 55 4
36 56 2
36 57 1
36 58 2
36 59 5
36 60 5
37 38 10
37 39 4
37 40 1
37 41 5
37 42 8
37 43 4
37 44 8
37 45 9
37 46 7
37 47 5
37 48 2
37 49 7
37 50 10
37 51 5
37 52 4
37 53 8
37 54 7
37 55 10
37 56 6
37 57 9
37 58 8
37 59 3
37 60 7
38 39 3
38 40 1
38 41 8
38 42 7
38 43 8
38 44 7
38 45 6
38 46 9
38 47 3
38 48 1
38 49 8
38 50 10
38 51 8
38 52 3
38 53 10
38 54 2
38 55 1
38 56 8
38 57 5
38 58 10
38 59 4
38 60 8
39 40 9
39 41 9
39 42 3
39 43 3
39 44 6
39 45 6
39 46 10
39 47 1
39 48 3
39 49 7
39 50 1
39 51 3
39 52 7
39 53 2
39 54 2
39 55 1
39 56 1
39 57 10
39 58 7
39 59 2
39 60 1
40 41 2
40 42 1
40 43 4
40 44 2
40 45 5
40 46 4
40 47 2
40 48 1
40 49 3
40 50 9
40 51 5
40 52 4
40 53 3
40 54 3
40 55 1
40 56 1
40 57 4
40 58 7
40 59 8
40 60 5
41 42 6
41 43 4
41 44 4
41 45 8
41 46 9
41 47 10
41 48 2
41 49 10
41 50 3
41 51 10
41 52 1
41 53 6
41 54 6
41 55 5
41 56 1
41 57 3
41 58 3
41 59 2
41 60 2
42 43 6
42 44 1
42 45 7
42 46 9
42 47 10
42 48 4
42 49 5
42 50 4
42 51 1
42 52 8
42 53 8
42 54 6
42 55 10
42 56 10
42 57 10
42 58 9
42 59 1
42 60 4
43 44 5
43 45 2
43 46 10
43 47 6
43 48 9
43 49 8
43 50 3
43 51 9
43 52 7
43 53 3
43 54 2
43 55 5
43 56 1
43 57 5
43 58 10
43 59 2
43 60 10
44 45 8
44 46 7
44 47 9
44 48 5
44 49 2
44 50 1
44 51 2
44 52 3
44 53 9
44 54 2
44 55 3
44 56 3
44 57 3
44 58 8
44 59 5
44 60 4
45 46 7
45 47 7
45 48 5
45 49 5
45 50 1
45 51 1
45 52 7
45 53 3
45 54 4
45 55 1
45 56 8
45 57 7
45 58 1
45 59 10
45 60 1
46 47 8
46 48 10
46 49 4
46 50 10
46 51 8
46 52 3
46 53 6
46 54 3
46 55 9
46 56 10
46 57 9
46 58 2
46 59 6
46 60 8
47 48 8
47 49 1
47 50 3
47 51 1
47 52 1
47 53 1
47 54 6
47 55 9
47 56 4
47 57 4
47 58 2
47 59 5
47 60 10
48 49 8
48 50 10
48 51 1
48 52 9
48 53 7
48 54 5
48 55 8
48 56 9
48 57 8
48 58 10
48 59 1
48 60 1
49 50 2
49 51 10
49 52 5
49 53 5
49 54 7
49 55 3
49 56 2
49 57 6
49 58 3
49 59 4
49 60 7
50 51 4
50 52 4
50 53 1
50 54 6
50 55 3
50 56 7
50 57 2
50 58 5
50 59 7
50 60 9
51 52 2
51 53 5
51 54 8
51 55 3
51 56 2
51 57 6
51 58 8
51 59 8
51 60 8
52 53 4
52 54 9
52 55 1
52 56 6
52 57 8
52 58 4
52 59 4
52 60 8
53 54 9
53 55 5
53 56 5
53 57 6
53 58 5
53 59 9
53 60 8
54 55 6
54 56 8
54 57 8
54 58 6
54 59 5
54 60 7
55 56 7
55 57 10
55 58 6
55 59 3
55 60 3
56 57 5
56 58 7
56 59 4
56 60 1
57 58 8
57 59 6
57 60 3
58 59 7
58 60 10
59 60 2
