41
2063
2233
1894
2765
3421
3276
651
2356
3959
1604
3539
2776
423
1759
491
2995
3740
726
1335
3684
2301
3902
153
292
79
1017
2312
3314
3491
1346
1221
2468
3336
1869
3508
1061
1693
631
1692
4097
3306
2615
1626
1269
563
2838
3610
3647
2767
941
3038
3955
4050
3633
556
521
1539
2923
778
13
3035
1685
1842
288
1399
838
740
2860
2143
2840
3300
3587
2628
3865
3047
2703
2394
3888
3548
3225
320
3579
3550
2352
3638
865
3275
1628
1702
540
3732
20
3121
1436
1033
3815
2082
2424
137
732
2408
538
951
2199
1728
1674
2306
2966
1881
920
38
2318
2668
2169
1728
2171
3270
996
108
3481
987
959
2232
1850
161
3150
3271
4031
3850
2744
1150
537
1219
1663
3430
2400
1484
1603
3135
3154
4085
3147
2181
2642
707
3502
1556
3716
2184
2321
340
2900
727
9
461
900
3884
2358
1655
1006
2258
3018
32
1043
2382
2989
4041
3602
3845
2089
2129
1172
2818
495
3516
2742
2694
3264
3979
79
633
53
1999
1812
3332
2799
3788
1723
467
3728
2590
42
1978
1403
2421
2007
2516
2308
1312
2006
3515
2531
1047
95
1148
115
2849
2293
1596
2123
2806
1743
3902
2686
3995
3195
4081
3093
2040
1816
1587
607
1301
3347
594
1155
2517
75
3392
2495
2978
3185
293
3403
2551
4068
3117
2134
4090
1937
3674
1786
950
3857
2090
3411
2383
2752
3309
3899
2634
3767
3651
3924
2141
1756
785
2471
3827
1162
3738
3339
1416
1376
3291
2120
2247
1819
1598
3557
3870
3286
3884
974
2510
2600
2510
498
2263
1457
2385
1098
1587
2952
19
901
2383
3677
2083
2482
2719
4011
3252
1630
2225
68
2154
1115
785
3572
2622
2368
4086
920
2353
3434
145
3340
1310
1438
1656
1213
3753
3836
120
3976
1390
283
226
2044
1033
3462
646
193
2690
3297
4012
3680
3802
3983
3979
152
1128
1710
3499
2609
166
1685
4061
212
3850
2478
3649
912
2606
1832
440
212
3150
3715
3154
3141
3376
481
43
2691
3818
3028
2161
1434
4046
2971
2264
3842
1154
1686
1833
849
3620
1548
803
644
144
883
111
373
3416
2168
1715
2383
1703
1554
3290
2000
3625
1871
313
1112
1218
627
1268
3867
3755
3631
3464
3386
3691
3417
4076
1369
3563
1763
2668
788
1682
3102
278
506
3526
701
4099
1820
2625
1543
1924
2821
1265
758
1878
2296
2826
1101
2987
2220
728
290
142
818
2579
761
3799
2783
158
1908
2267
1967
463
235
2126
3307
1154
2492
566
3184
247
140
1391
2695
1119
3413
2125
1970
1189
2153
1696
967
1961
577
2088
3346
878
1018
3858
614
2647
2800
1683
2353
1926
808
656
3463
3911
1374
1520
3841
2253
3063
1008
3781
682
858
3487
870
2171
2625
1021
1528
3221
817
3914
2801
2659
123
4091
3737
958
1993
3818
1264
58
2101
4015
929
3922
304
2064
2310
941
648
1015
1083
2621
1481
1258
839
346
2258
1526
2193
1309
2554
1174
163
704
3275
1200
1452
2338
2303
457
2953
2324
2376
1007
608
2584
3397
2345
2157
1923
690
2778
3001
2439
2404
4098
532
3649
1971
643
2419
2182
51
2711
1626
1155
324
1054
630
2766
3364
654
593
719
910
1910
414
2292
3383
3536
3918
3624
3724
464
2458
730
1791
1148
3851
558
3584
1027
2553
568
952
2066
2027
2963
2607
2483
911
3433
1865
2343
574
635
2223
1637
3249
2410
2236
3771
954
1421
3221
1466
1626
3227
2902
3076
3345
994
1774
2196
3991
431
1637
1928
1455
1993
1974
1099
2861
2346
3578
300
2110
237
3451
249
839
3260
3005
2170
4020
3971
1752
2039
3690
370
1838
1111
875
3668
515
610
1017
2629
3506
1988
866
3326
3636
1882
4079
2686
3093
2589
1384
2842
2949
2910
2247
2134
1539
3056
335
557
2990
3504
658
3979
3897
3829
3270
103
585
1896
1145
849
955
2920
2366
834
1523
2533
3207
467
96
1976
3811
481
11
3487
1218
1500
2887
3456
2670
1822
3421
4084
1873
2382
3195
364
2186
3342
3897
503
716
2158
1605
2363
808
1666
2883
1836
3962
936
3518
408
3490
2603
3111
1030
750
599
874
1539
303
3220
593
3045
1281
1345
2971
1460
2408
2873
1040
5
1142
2274
1769
2959
317
1682
3683
3641
2865
2136
2740
902
3712
3264
1399
3717
627
3967
2546
481
3964
1056
1194
699
2120
3527
3398
2363
1712
1464
28
1038
741
2088
2943
334
1904
1857
948
580
1588
3140
608
3353
716
1758
1247
383
1843
690
3848
540
925
1014
748
2461
435
278
1631
3519
2882
2937
1651
1023
3022
3445
3519
3359
3550
160
843
2652
2813
4019
805
520
3951
2294
2044
1294
2180
1313
1560
2837
3974
1509
3839
2489
1443
466
4022
2303
1567
3924
3697
2604
121
1105
2971
1386
161
3733
2433
434
2107
1893
54
2551
3431
2131
4078
1355
510
1131
1826
1437
2322
2011
3930
85
3286
1650
1561
1129
2691
2151
911
1149
1705
3161
1728
1353
4000
230
1697
1953
148
2922
14
112
2503
3523
493
575
813
454
3545
3650
2654
2961
3701
3676
936
2303
2599
3561
3883
342
1282
1350
1967
2220
1301
2822
3831
2965
3878
3855
2604
2114
3466
1296
1440
1579
1898
89
3978
707
2597
1488
419
1837
2633
2309
2754
2133
205
1759
3959
2392
1515
663
331
162
58
2397
1668
1658
2814
3912
4050
3714
1926
3039
1505
581
3476
1954
3782
205
3979
168
178
1108
1345
2440
1711
1679
706
1292
2568
788
3472
1728
1249
4083
1507
1806
638
3487
1723
858
28
578
172
3099
970
1885
1469
1071
3131
2362
1547
1992
3461
320
1474
3326
4044
2598
3309
592
585
1373
1914
4047
2061
1528
2073
3763
714
203
624
2715
3415
3120
4060
380
3075
3560
1340
1585
1920
3460
2418
1963
602
4011
1498
1166
720
3436
4038
3055
3817
2925
705
4066
1116
1501
3200
3802
2976
1012
631
2024
3609
2203
4084
3051
4088
788
1289
445
1054
739
2405
248
3390
1409
1030
1407
35
3857
116
997
2894
1052
663
3378
1834
1817
3312
2664
1255
3791
3880
691
3361
2027
3956
3820
1146
1988
734
3925
2445
751
2501
2100
4098
3224
585
2297
3177
294
1948
4044
1579
540
3709
474
560
1365
1831
1993
2711
3493
1222
1548
2210
3725
348
521
658
229
4015
2738
853
2844
556
1655
170
792
1856
3047
4095
2641
512
2340
683
3165
436
3057
2772
4010
3319
475
3312
23
931
267
905
1262
3153
255
1858
1817
246
1065
330
3216
3744
2030
2420
2708
3333
4033
1933
1278
90
3535
2007
3558
2884
3545
2731
2505
1034
1802
4034
2623
4058
1768
1002
1861
2877
2984
950
1969
4046
4093
1674
3321
3790
3471
2148
2337
467
2415
943
3904
1941
3885
217
1464
3805
3484
3913
2743
1615
2609
2862
964
489
3771
1206
1593
3291
1371
3286
858
2465
1564
2752
1425
1662
3022
3904
2220
2067
577
2203
3047
81
785
3192
1663
874
1364
2599
3649
359
474
2871
2215
1516
941
1072
1587
999
1488
2988
3849
4040
754
2481
1012
3470
2934
1125
1811
1560
1866
3903
314
1908
819
3557
1828
1103
779
218
958
1844
2200
4065
2296
3165
1288
1282
3926
1849
2267
3447
920
1879
1616
624
2376
3977
2342
420
1578
1513
2473
1018
2404
3475
3351
3086
723
223
2385
3273
3666
3441
3433
3374
2163
2361
1486
3489
3682
424
3626
719
3568
2495
1208
2299
2825
3206
1444
1306
3084
1531
3732
1837
808
1996
648
522
2111
3145
3543
2990
1454
3566
681
2859
3863
1309
3389
2230
866
467
2325
295
3836
1076
1574
1164
702
2061
1381
186
621
2237
3922
3472
191
3765
2327
3840
2603
3576
2856
3825
1285
1670
3821
1550
2258
3112
1658
1177
781
2742
408
371
3027
2030
1740
213
3503
2564
259
2736
1881
1055
2245
4008
2194
3852
2661
1457
4049
302
3874
3085
3031
2264
3368
3485
1386
3732
158
1027
1442
726
785
130
3335
2665
1735
3406
3397
3635
1387
3275
3227
645
3167
2537
1289
2507
1050
3445
1028
1333
3107
3264
3497
2738
3043
1510
2235
189
3797
3408
1941
1321
3447
3969
4027
1184
2594
3450
1788
1091
818
1376
2073
628
3837
3340
1184
899
2020
281
1437
3391
2092
3646
405
1560
3531
1840
2790
2785
2125
2833
2401
84
1089
907
1246
1073
2373
2264
1075
73
3789
1620
992
1523
2569
3386
2481
1275
2957
4014
1883
159
3449
621
870
2178
2402
3361
2006
2376
2099
3067
3900
1893
3872
1419
308
2615
54
2854
587
2456
279
1413
3528
846
2741
853
2712
2862
2194
3157
110
2702
2599
3732
579
996
2426
2084
3877
3139
3517
602
468
241
2478
643
3523
3051
3903
914
691
3195
1714
3375
1976
1276
452
2971
447
1704
3224
3576
2995
2678
70
3147
394
3582
3262
3093
1305
2071
3041
1222
3413
1966
954
2989
1872
720
2647
1550
2784
2144
42
2870
1911
2326
1209
1773
3488
3166
2407
4045
1986
889
1613
2343
2251
135
1446
236
349
1285
2519
3556
551
2678
192
1473
3794
3065
2459
2513
1059
275
573
474
1837
510
3240
2445
170
1268
1186
144
2048
3333
1562
1709
878
2401
2826
694
4064
3916
781
3103
1237
3130
2187
2604
2378
2220
2437
2644
3043
3703
1444
1771
1153
1482
1715
3060
284
3455
2028
907
759
546
3575
2641
200
2659
1926
375
152
1894
1601
550
3518
892
1675
1415
3950
3644
2518
1914
933
3174
1774
1152
392
3872
1051
2821
2433
1643
181
4052
929
646
4074
3522
1072
2349
2498
355
1896
350
1757
1615
2371
2854
2740
2372
3668
1550
3848
1181
186
2699
1706
2239
1061
3071
2529
1779
2112
1173
280
45
2284
267
603
3665
1325
3989
1118
2660
3128
1456
3091
802
1972
544
2206
2565
1762
3396
293
2313
3189
3226
2485
1402
1580
3767
271
1112
4015
222
3684
966
1502
1322
3895
3512
3885
2896
3583
2183
2795
117
205
1867
3510
2809
1984
318
3580
1331
3166
185
1141
2681
2204
259
1423
3468
1825
3051
1564
2066
592
3481
337
2604
1200
374
406
3667
315
3009
899
542
1133
1331
883
3254
986
2940
3181
790
180
2785
2559
4089
15
1299
1078
740
3362
2551
1599
2781
2691
1222
1514
3964
1276
771
4005
3656
3343
2088
2474
3777
2565
906
1410
463
3251
2610
3877
61
636
2824
630
3274
158
4057
2047
3330
2095
3860
3672
3619
2229
1074
774
2051
1624
4071
202
1256
954
1501
1428
3804
2238
3274
1057
2380
1457
575
1836
2595
2495
2306
1878
1239
3874
856
2786
3639
344
4070
167
2693
678
2830
2870
2895
707
2450
161
40
3083
178
764
3709
2992
3922
1009
1507
1732
3253
2358
437
742
21
1518
4007
1046
1412
2762
3212
1512
1246
987
3335
456
3169
1390
1202
2135
1474
3694
398
185
2257
479
3652
551
3528
3322
3684
2941
1647
3679
3218
3511
4011
4042
2356
3128
147
2460
668
1763
2702
542
1594
982
3821
3276
818
2439
3578
3485
3881
104
564
1541
514
3864
3779
3084
3450
877
173
905
959
3731
2982
2590
326
2088
632
3375
3690
2487
356
2561
2799
2701
3605
4062
2669
3134
3964
1457
695
3545
1294
1915
636
2541
3271
361
523
557
94
2420
1187
3503
2894
3722
2995
3187
3367
3959
594
1858
3620
3565
1017
2940
2206
495
337
2719
3105
444
2510
3954
3393
536
2976
3478
1608
351
3822
4000
3740
1338
144
1785
2632
2649
4099
522
1720
3674
1219
3274
2330
1026
3617
89
423
2442
886
738
2401
414
1649
4085
2732
1458
3529
2394
3502
1125
2719
1908
2131
3969
3213
2766
2091
3855
2633
1359
2349
3000
4083
2974
3776
1816
2640
1725
78
476
4077
1879
162
2129
3620
3613
434
1624
3412
72
2535
1788
51
2290
3757
1396
591
3432
2136
479
2572
1806
679
3468
517
2184
4072
1334
3351
127
3987
2469
2567
3591
3987
3484
2783
3239
2590
3053
659
2479
1297
2399
3671
2075
1695
2038
3761
1695
578
3134
808
3015
1286
3523
3419
3333
222
278
3894
776
3689
1023
2337
228
1940
3248
2702
505
4098
535
2485
144
3588
31
2009
3198
2311
2983
859
733
419
3006
3473
3180
1654
2583
2099
1571
2663
217
3488
2061
4057
1937
2184
3710
3639
1265
3718
2261
886
2340
760
1042
1795
910
897
417
822
2496
1341
546
1570
434
1256
1361
254
1203
3329
1255
2213
3874
2354
3430
2788
3943
1884
2197
3388
2511
3349
16
2171
1185
676
1931
1775
36
3064
1896
1550
3876
3585
2257
727
893
2288
1901
649
829
2520
3766
3207
2586
1631
1136
2753
2643
2352
1456
479
696
3976
2586
1800
3265
321
491
2034
1604
58
338
1689
3194
2683
3774
4042
2650
3436
1847
3368
4042
279
3206
2661
1104
3657
779
3669
2898
1260
3996
3496
2867
1053
3529
2845
3367
2745
3730
2244
2642
746
1815
3560
1757
3148
66
2066
1024
2646
3410
1768
2095
2296
3002
2746
1073
3447
740
2219
2381
1563
1228
1648
618
3139
1406
1290
1550
3974
3174
3010
1169
2774
1119
2312
1843
2192
3472
2928
453
2883
1662
2498
3656
3016
3366
2618
1071
1235
383
181
3917
3010
1892
1395
3065
3547
65
2187
2831
1013
3778
2003
423
725
2227
2286
2647
2226
2768
3460
2306
4093
822
974
2086
2004
1571
2364
630
2358
138
436
3027
2431
3388
2125
3870
690
75
3496
1057
88
3258
1802
492
2444
2019
688
313
2539
4097
1465
782
3156
2154
1841
3982
3944
4058
3197
436
805
1497
2677
543
1654
219
175
1874
2181
3271
186
3393
201
373
2138
2498
530
2461
3916
205
3439
2424
3954
3420
2095
3760
2492
632
2279
1907
3163
2089
3990
2757
3645
2336
3569
33
971
1050
311
4068
356
1651
1455
3130
3548
358
726
2401
3034
456
2191
1841
2667
2388
3890
630
1430
699
3690
3605
1391
62
3920
3397
989
2945
3879
3445
2947
2224
669
2168
992
843
830
4094
3719
1443
1731
1750
2356
333
1183
3462
2614
3191
300
1159
2246
1601
3617
2280
2085
2162
1846
3762
1627
2104
3410
3787
1326
3238
1604
2397
70
3094
506
1057
1185
1656
3203
1485
3245
40
3818
1162
1571
26
483
2503
1359
1806
2739
267
2373
789
4035
1279
1247
604
4086
3679
580
2885
2543
2282
654
3179
3522
896
3772
2155
1818
3565
3872
832
2178
2125
2545
384
2377
2681
319
760
2553
944
273
1720
1552
2520
624
167
528
2645
2170
1033
4031
496
2737
1108
1873
3489
3952
1071
3373
2733
3438
878
1825
2314
1270
611
734
897
1703
3061
1717
490
3135
3441
2744
2699
1524
3610
839
1252
324
2645
3394
795
3241
1969
675
1357
3365
1470
2480
3036
2291
3542
901
2799
2772
2024
3730
1401
876
1978
3765
231
2872
1535
633
2317
2719
2461
1677
1070
2623
1375
3094
3860
155
3699
2044
489
684
3511
2834
1305
1690
779
2944
1552
821
2957
37
1264
2475
119
1150
2536
689
658
1623
2814
3971
1525
841
614
1211
233
2654
3153
700
1149
992
3736
3627
145
1126
3596
3921
2122
4072
1729
2380
2735
3968
2761
3922
983
3707
2575
2822
2479
693
2519
1890
2600
1210
3462
1666
3104
2475
1481
704
2487
1632
2689
621
1681
3128
584
37
1594
1581
3311
3318
1717
2092
871
3749
962
1704
624
190
1462
2265
900
2438
297
2617
2015
2290
2681
4036
2556
1202
531
973
2208
1484
3138
3468
414
2625
2554
1988
3340
394
1339
2598
4018
1397
1643
2955
2105
1126
1304
3357
2432
181
2501
1779
1940
2438
856
1656
2913
242
1376
1187
113
760
490
1833
4011
656
1054
406
3805
3757
3948
2334
1067
1518
1406
3906
1180
2749
2596
2186
352
3138
1790
609
1705
2552
555
2992
270
796
3969
1240
3272
2165
3045
2972
1023
532
2559
1368
3796
4022
703
3286
2451
1549
3786
2065
1216
3068
2902
1989
1303
3834
3979
1959
904
4001
1634
259
1370
2969
149
1240
3312
2220
724
489
2665
1483
1049
2026
3369
1133
161
320
3182
4059
1149
99
2485
1259
780
2980
528
42
3711
1540
53
1085
846
3154
1759
3631
3154
2313
1025
2637
762
1170
593
3809
4017
750
3502
65
3711
1520
3438
300
3160
1654
2240
1490
4024
2313
2538
2669
708
222
713
1334
115
1868
2186
762
2750
2462
2390
1957
3270
697
4010
595
3450
870
2278
2741
1473
3789
361
3183
70
3232
2841
854
957
2201
643
3383
3904
3955
1430
1022
2363
4074
245
1534
1981
712
2005
3989
1187
3832
2517
2360
587
2754
2724
3892
965
887
198
1876
3612
2317
3510
1595
1441
1835
1362
2927
2746
3303
1670
1577
3301
1963
2715
1883
761
1284
3796
1129
753
4075
3264
108
1866
3687
868
3477
2538
4057
2137
3065
2047
1509
491
2705
3950
1405
53
3070
75
2235
2025
1372
3815
1184
1074
2796
182
1099
388
3227
1037
186
2004
2314
2313
1855
1826
2306
3513
974
2211
2199
891
449
3256
325
4088
2099
1142
2551
3767
1554
4092
3852
1727
146
128
2269
2226
2357
1736
714
2183
4063
3831
2079
2270
723
3554
2355
2208
780
1657
3799
2777
3777
1897
3786
2437
2166
2076
1136
2290
3165
2229
1206
4052
2317
1528
3346
1731
4056
2593
1439
1188
62
2446
1736
2892
634
1073
2512
1996
1349
2695
1312
2987
787
3833
2924
613
690
1205
3682
1527
1708
79
3037
2436
4081
3963
2019
2787
2191
2659
1911
224
2201
891
503
2410
2910
2509
2592
3260
1597
288
1358
2078
2340
1202
1048
1263
2018
2006
3853
134
1127
2330
3634
1862
2824
2971
3312
2340
1940
2797
3794
2457
971
3154
2733
26
1730
790
3537
3320
1518
2927
3423
1504
3908
3552
2274
4051
3293
816
280
1922
2241
2293
2353
65
1068
3351
1173
2328
1337
732
1636
3885
127
1945
1539
58
493
2110
3161
446
2024
3482
3959
3850
1945
849
3766
1349
2576
3200
990
3594
2827
2640
3624
75
2297
2646
2723
1763
3536
3397
3219
1540
441
3380
3291
3817
3659
1363
325
2228
1088
147
411
373
2165
666
3578
2971
3231
3402
2610
2787
1723
2872
741
1616
2951
3645
3890
591
407
2403
1007
1690
3564
2175
3202
1206
222
2650
3099
763
1619
264
3513
3849
3098
3179
771
3438
1335
833
2881
2294
2766
3489
229
1582
348
1877
1628
3953
1203
2670
780
3396
3
2433
1456
3764
820
3036
141
1566
3627
3995
464
3502
235
1607
3778
2327
2209
4088
530
1858
2729
2056
1421
1805
1090
2140
2087
1520
4012
1878
1123
2689
1728
921
3488
3582
665
425
1500
2944
3979
185
35
1833
2345
2355
1376
249
3970
2403
3436
2199
3508
1124
638
1090
511
2009
97
501
3762
2934
1628
698
1325
3707
3417
1807
12
2053
1992
137
581
3387
3745
2437
2815
608
3977
2950
1752
2241
163
990
3873
226
3413
3454
3189
169
3945
837
540
1545
3020
3607
420
1525
493
797
291
3892
1461
1682
539
473
1839
1721
231
759
2495
806
3914
3086
687
1016
3616
3999
3943
1489
2437
304
2319
3523
3574
2546
2850
2387
1838
2452
3118
3848
3834
2840
841
826
3758
3904
2036
1167
2280
1
1198
1551
3526
1267
3751
2019
3587
1762
1616
1240
689
3187
1421
2407
2766
3693
3737
1190
1201
3328
336
3003
1768
1061
2035
3993
3060
2518
739
3312
1423
714
1180
1770
2782
2257
846
610
1594
200
931
1548
1537
2208
161
550
1219
3785
1311
1178
3211
1978
2646
3586
2562
1642
3935
2397
424
2663
3623
3542
3286
2180
564
3063
893
372
1014
2700
484
2943
3293
2205
1293
185
2697
1990
3097
2587
291
367
1549
1471
1112
3769
3564
511
2259
429
2935
3507
949
2362
2407
543
2583
4043
2130
3213
1904
2867
65
2320
2955
56
1445
881
1834
3617
1319
906
2302
1987
2954
1638
48
2822
3017
2843
2097
3634
2389
1103
409
1207
2348
1274
3238
137
3640
3043
2275
848
1200
4009
3381
1025
422
800
3750
3412
2126
555
1900
1983
3064
3496
777
906
186
2556
1187
2068
3804
728
2483
2690
3748
2607
3718
226
3571
1230
1873
1452
1673
2468
883
3945
1751
1690
3347
294
435
289
2769
1512
2615
722
1511
3418
3636
2690
2535
3342
1056
523
599
2152
4083
3819
2081
1805
1070
325
1474
2341
246
1280
942
522
1759
2224
618
2475
384
4047
1482
2726
3305
482
1449
365
2406
3350
1916
3642
1162
3713
1355
93
1931
1089
1576
3443
500
3785
2883
2271
840
973
1928
3881
1949
1977
647
2697
3148
289
3781
609
3806
2603
940
3193
2997
1505
252
304
35
2283
196
2085
906
3905
2278
680
3048
3826
733
932
196
3157
3178
3655
766
1710
1463
3001
2641
3126
134
3482
3792
3994
1162
3977
549
3288
3539
3885
2709
1507
1719
2532
1663
2413
1291
2273
2774
1932
2947
3129
171
2286
1018
2734
1671
3046
2005
2378
1917
3186
2403
115
4055
2509
462
3968
3680
3655
2415
1447
2993
3620
3346
832
1614
4006
830
1692
2899
529
2155
2498
3684
1898
985
942
1084
592
2321
794
1148
222
3035
938
2125
1088
2035
1330
1405
2666
952
1591
3899
3641
3609
1621
3450
758
4037
1600
3704
3189
95
1771
2329
2556
1344
3315
407
2121
3409
3290
1404
3235
3726
888
832
3814
2185
3523
161
1344
4029
1532
1315
1792
1949
2264
2642
2272
2881
1594
2287
2083
3719
714
1062
1804
1527
3503
2238
225
3233
3778
716
1763
3081
40
3924
3330
2103
2498
3422
1758
1411
3737
250
3302
2978
1261
3838
2670
2643
2304
886
2751
501
64
1756
2173
1896
371
1852
585
788
1125
2151
2794
715
3684
3967
1707
32
3640
3260
2998
37
3426
2691
2199
112
2148
485
1178
1372
1216
2778
3594
3509
1575
3164
3256
3863
1937
3807
1942
157
3574
1796
1936
1351
1657
2647
1838
3404
1088
1048
979
3911
914
3502
1779
4042
1270
3372
2209
2305
1068
4036
4036
2235
3914
996
1428
1725
853
1436
3863
2392
3898
697
101
2600
1238
2729
3661
213
2178
3276
821
1727
1771
2606
2180
2039
210
3882
3016
1488
1412
1855
346
3564
2778
263
2432
3012
3184
1254
2996
1372
26
958
3108
3043
2494
3916
4036
4012
3074
1052
565
3487
138
1007
462
2752
1484
2618
1818
35
2835
2547
2198
3228
2964
2734
670
3961
3570
2772
1036
128
3241
1644
1614
2308
2469
2848
846
754
918
2865
3278
4043
3533
627
2993
3674
421
1205
2018
190
2934
1162
3888
1966
2158
3195
3813
2016
1943
2321
660
2798
1157
2795
3565
1073
3339
1228
1082
1945
2145
1902
849
3194
124
446
679
3245
1643
2203
3841
1025
263
2033
694
1591
3121
1431
149
3593
3210
1372
1591
2247
2987
1492
1549
946
113
1834
654
3760
1782
527
2534
1949
3476
402
1936
978
2588
1112
475
2662
2611
2287
1223
798
1509
2349
3578
4015
1092
2432
350
492
2592
3876
1537
561
1016
244
479
3360
90
2126
2188
2127
3785
1435
3779
1514
1624
2652
2477
2209
2398
50
2842
3457
2151
3712
256
3712
2604
847
2769
617
3009
823
2264
3663
3127
1235
2496
3118
2448
2981
2954
2653
363
1459
308
2239
2358
178
862
1845
1237
2691
3941
2161
2689
281
2068
4008
3493
1206
3399
2595
90
631
3510
2663
415
2544
1468
2253
2943
313
776
3382
1715
3491
2890
1692
1206
450
71
658
1819
2253
3896
