1009
1 2 7
1 4 9
1 6 2
1 9 9
1 11 1
1 14 9
1 16 3
1 23 7
1 24 4
1 290 7
1 302 7
1 784 1
2 3 2
2 8 5
2 10 7
2 38 7
3 5 6
3 7 1
3 18 7
3 52 10
3 73 3
3 85 6
3 115 2
4 36 4
4 75 5
4 180 2
4 526 1
5 34 10
5 35 4
5 37 3
5 264 7
5 542 4
5 614 2
5 739 9
5 914 3
5 950 7
6 27 7
6 51 7
6 128 7
6 178 3
6 234 5
6 700 2
7 15 10
8 12 2
8 26 3
9 28 1
9 161 4
9 536 3
9 732 5
10 13 5
10 17 10
10 19 10
10 113 4
10 118 2
11 53 4
11 89 3
11 218 1
11 653 10
12 20 4
12 575 10
12 655 8
13 21 4
13 68 3
13 187 4
13 188 7
13 198 5
14 25 6
14 31 2
14 305 4
14 559 5
15 756 6
16 61 8
16 168 9
16 258 6
16 633 1
16 712 3
17 88 6
17 107 3
18 125 3
19 29 3
19 40 10
19 84 3
19 358 4
19 568 10
19 769 2
19 998 5
20 22 10
20 39 4
20 848 9
20 948 5
21 134 2
21 339 9
21 519 10
21 714 3
22 32 6
22 552 8
22 752 4
22 804 2
23 65 8
23 77 9
23 135 10
24 55 9
24 83 4
24 108 8
24 157 6
25 263 9
25 289 7
25 308 8
25 369 6
25 386 4
25 449 4
25 456 3
25 792 1
26 30 4
26 33 5
26 45 10
26 57 9
26 60 5
26 74 9
26 86 10
26 100 10
26 217 7
27 43 2
27 49 1
27 59 5
27 374 1
27 375 10
27 560 5
27 871 6
28 44 10
28 158 8
28 276 5
28 674 10
29 69 5
29 71 10
29 283 1
30 50 2
30 133 9
30 758 5
30 887 3
30 945 1
31 164 2
31 166 7
31 422 6
31 597 6
32 719 1
33 280 1
33 895 2
34 47 7
35 72 2
35 81 1
35 439 10
36 46 1
36 95 1
36 325 1
37 66 1
37 76 6
37 116 10
37 364 3
37 380 2
38 109 4
38 469 6
39 207 1
39 549 3
39 646 9
40 41 3
40 42 4
40 696 6
41 119 3
41 144 10
42 48 1
42 70 10
42 98 7
42 102 8
42 261 10
43 159 8
43 189 7
43 437 3
44 62 3
44 247 9
45 429 3
45 504 4
46 145 10
46 149 1
46 496 5
47 58 3
47 794 6
47 910 5
48 63 5
48 202 1
48 216 2
49 67 7
49 82 1
50 120 2
50 130 6
50 206 9
51 54 5
51 56 8
51 64 6
51 192 7
51 444 3
51 458 5
52 91 5
52 93 9
52 96 6
52 112 1
52 160 7
53 137 3
53 139 1
53 143 2
53 167 7
53 316 6
53 381 6
55 94 9
55 97 10
55 520 8
55 651 7
56 114 6
57 155 4
57 251 3
57 834 8
58 126 10
58 184 8
59 148 1
60 165 5
60 274 3
60 286 4
60 463 7
61 475 7
61 764 8
62 169 2
63 78 10
63 79 4
63 346 8
64 154 5
65 127 8
65 588 2
67 329 3
68 111 1
69 393 6
70 90 3
70 513 8
71 643 6
71 902 2
72 239 3
72 491 8
72 494 8
72 500 8
73 141 6
73 304 6
73 341 7
73 625 8
74 80 7
74 780 10
74 1006 4
75 123 10
75 204 3
75 953 3
76 224 10
76 502 4
78 182 3
78 789 6
79 136 4
79 978 2
80 121 5
80 174 4
81 181 5
81 331 6
81 357 6
82 92 8
82 971 3
83 87 10
83 958 8
84 459 5
85 99 6
85 104 6
85 105 3
85 151 4
85 315 3
85 408 8
85 634 8
85 705 7
86 142 2
86 273 8
87 309 8
87 684 6
88 200 5
88 350 6
88 442 5
89 173 2
89 272 7
89 310 1
90 388 6
91 232 5
92 428 6
92 507 3
92 516 4
92 642 6
93 686 10
94 271 9
94 485 7
94 773 5
95 101 5
95 297 4
95 361 8
96 103 8
96 152 3
97 106 5
97 196 3
97 815 4
98 162 1
98 244 2
100 227 3
100 233 4
100 899 7
101 117 7
101 185 6
101 314 7
101 478 6
101 863 3
102 220 7
103 191 1
103 199 6
103 270 9
104 240 9
106 110 10
106 183 3
106 288 9
106 662 1
106 713 6
107 561 8
107 618 9
108 594 5
108 847 6
108 921 6
109 249 3
109 977 3
110 122 1
110 282 4
110 398 1
110 596 2
111 275 3
111 355 9
112 124 4
112 171 8
112 426 10
112 476 9
112 782 6
113 129 1
113 153 7
113 238 3
113 268 10
113 294 5
113 609 1
114 211 9
114 648 9
115 138 4
115 530 10
115 722 9
116 156 6
116 326 6
117 424 8
118 248 6
118 825 10
119 131 3
119 299 10
119 624 7
119 746 4
120 328 10
120 431 1
120 774 3
121 175 3
121 193 1
121 405 5
121 406 6
121 628 9
121 858 6
122 219 10
123 147 8
123 201 6
123 205 10
123 850 3
124 194 1
124 210 8
124 291 10
124 697 7
125 546 6
126 654 6
127 401 10
127 988 4
128 146 10
128 874 10
129 132 1
129 172 1
130 170 7
130 344 5
131 231 7
131 360 10
131 365 1
131 584 8
131 754 6
132 190 7
132 533 8
133 176 8
133 267 4
134 373 7
135 296 1
135 457 6
136 266 5
136 269 7
136 481 7
137 177 9
137 262 3
137 691 10
138 254 9
138 779 9
138 781 8
139 140 7
139 324 10
139 445 1
142 235 10
143 208 1
144 434 3
144 738 4
145 150 1
145 860 10
146 961 6
148 245 6
148 318 2
148 503 8
149 256 1
149 566 10
149 877 5
150 717 8
151 241 2
151 322 5
151 592 8
151 808 5
151 884 4
152 163 6
152 195 2
152 265 5
152 510 4
152 554 3
153 221 7
153 352 7
153 412 9
154 197 8
154 939 8
155 595 8
155 605 8
156 802 1
157 281 10
160 383 6
161 553 3
161 959 10
162 391 8
163 354 3
163 415 1
163 537 6
163 610 10
163 770 6
164 243 7
164 856 8
165 179 5
165 278 9
166 477 9
167 468 4
167 909 8
169 250 4
170 307 5
170 343 6
170 743 7
171 277 8
172 665 4
173 407 10
173 827 5
174 1007 6
175 409 2
175 464 3
177 228 1
177 379 6
178 203 8
178 237 7
178 640 10
179 186 8
180 212 10
180 327 3
180 384 8
180 525 1
181 209 8
181 225 2
181 230 8
182 300 4
182 532 5
182 947 3
183 765 7
185 423 3
185 472 7
185 573 5
186 229 8
186 303 3
186 585 4
187 236 9
187 839 10
189 631 10
191 222 6
191 301 8
193 367 1
194 448 9
195 394 10
195 484 10
196 279 10
196 295 1
196 359 3
196 814 4
197 385 3
197 482 3
198 311 1
201 333 9
201 968 5
203 242 4
205 214 9
205 215 9
205 223 4
205 330 1
207 348 10
207 370 4
207 565 3
208 404 8
209 213 6
209 470 10
209 667 8
210 452 7
210 471 5
211 285 4
211 558 9
211 787 7
212 635 4
215 317 7
216 293 5
216 692 2
216 707 9
217 259 10
217 298 7
217 540 7
218 578 7
218 744 4
219 226 3
220 499 6
220 936 1
221 411 4
221 571 5
222 677 2
223 246 1
223 260 9
224 363 4
224 581 6
224 974 9
225 377 10
225 465 10
225 766 6
226 760 4
227 319 2
227 612 3
227 997 2
228 332 5
229 488 6
229 870 9
229 903 6
230 255 5
230 615 9
231 347 10
231 622 2
232 392 8
234 577 1
235 313 9
235 467 1
235 572 9
236 917 7
237 257 9
237 927 1
238 389 8
238 480 4
239 366 10
239 775 1
241 427 10
241 659 2
241 776 3
242 253 4
243 252 6
243 396 1
243 509 8
243 543 10
243 838 9
244 395 5
244 529 2
245 390 4
245 706 4
245 799 6
246 371 3
246 623 4
246 680 7
248 306 6
248 312 2
248 497 10
249 435 3
250 387 9
251 421 2
254 515 2
254 531 3
255 342 5
257 287 4
257 351 1
257 541 6
258 335 4
259 916 4
260 432 5
261 647 8
262 417 1
262 685 8
265 498 9
265 805 4
266 451 9
267 336 9
267 446 7
267 777 3
268 601 7
269 400 6
269 557 10
269 644 9
269 957 3
269 980 8
270 710 7
273 321 6
273 606 6
273 711 2
274 349 2
277 284 10
278 362 2
278 709 6
278 715 10
280 661 4
281 450 1
281 521 8
281 797 10
282 586 10
282 621 6
284 292 2
284 372 8
284 453 8
284 742 9
286 323 5
286 399 5
286 701 8
286 993 7
289 440 2
289 672 3
289 829 7
290 454 7
290 626 1
290 639 1
291 616 2
295 720 2
300 501 10
300 837 5
302 761 1
303 340 2
303 353 2
303 455 4
303 650 9
303 786 7
303 875 5
304 320 7
305 441 7
305 853 2
306 574 6
306 599 4
308 337 7
308 933 2
309 984 5
310 345 10
310 425 4
310 580 9
311 338 6
311 583 7
313 420 6
313 878 9
315 657 6
316 514 5
316 699 10
317 670 7
318 447 7
318 473 9
318 681 1
318 690 1
319 368 2
319 382 9
319 487 7
320 668 6
321 886 9
322 872 1
323 898 5
324 826 3
325 378 2
326 334 5
326 489 7
326 663 5
327 474 6
328 479 9
330 418 8
331 666 5
335 403 5
335 419 7
336 461 8
336 749 6
338 397 9
343 535 6
345 356 3
349 632 7
349 704 4
350 652 9
350 873 4
351 505 2
351 544 7
351 702 6
352 973 2
353 508 1
354 512 1
355 414 10
356 555 10
356 617 8
356 627 9
357 402 7
357 740 10
360 433 10
360 466 6
362 929 9
365 416 9
368 376 7
368 518 5
368 876 4
369 796 4
370 600 7
372 694 2
373 607 2
374 735 5
376 846 9
378 430 6
379 771 9
380 604 5
382 757 10
384 861 8
385 413 1
385 811 10
386 443 9
386 579 6
388 517 7
389 687 5
391 854 1
393 486 7
394 493 6
395 436 9
396 649 8
398 410 4
399 1008 4
401 671 9
402 528 1
403 859 4
403 925 4
404 619 6
405 795 7
406 524 5
407 506 4
408 791 6
409 495 5
411 831 3
411 881 6
414 835 9
415 788 1
415 810 10
417 664 1
423 570 3
423 822 5
425 438 4
428 492 1
429 896 8
429 1005 1
432 693 7
433 523 4
433 748 2
434 943 5
434 992 5
435 490 8
435 548 3
435 637 4
435 737 4
436 460 9
437 730 8
438 689 4
440 678 8
443 522 4
444 587 4
446 673 5
446 695 7
447 675 3
447 817 8
447 962 4
449 952 10
450 462 6
452 820 2
454 798 6
455 534 5
456 598 2
458 547 6
459 727 7
461 527 6
461 983 7
462 602 1
462 683 9
464 900 6
465 807 5
466 483 6
466 923 3
468 567 8
469 611 2
470 994 8
475 593 1
475 918 7
476 716 2
476 759 8
478 991 8
480 669 5
480 908 4
482 539 7
485 511 5
485 641 8
485 996 1
486 940 10
490 591 3
491 562 10
491 907 1
497 833 10
497 1004 10
499 966 9
500 564 3
501 969 3
502 550 6
504 721 3
507 556 1
509 806 3
512 763 1
514 894 2
515 828 3
516 538 2
516 582 10
517 879 10
518 865 7
519 762 2
520 676 3
523 753 2
525 851 7
526 551 6
528 545 8
528 970 8
529 832 3
530 932 1
533 682 10
533 741 7
542 703 3
543 904 10
546 636 8
546 767 8
547 937 6
549 718 6
549 778 9
550 889 4
555 901 6
556 629 3
556 708 5
558 563 4
560 734 5
560 981 3
561 569 1
562 658 7
562 930 3
565 576 1
568 613 3
569 589 9
569 603 8
571 813 10
571 823 5
575 736 3
576 590 6
577 1002 8
584 679 3
584 790 5
587 638 3
588 880 3
588 955 8
589 645 4
589 656 7
594 729 3
597 941 9
598 630 5
599 772 6
603 608 8
603 725 7
605 928 5
610 800 2
611 728 4
611 935 1
613 897 6
615 620 2
620 1009 4
624 731 3
626 745 9
626 830 3
632 824 4
633 801 5
637 920 3
639 768 5
640 755 4
643 951 3
649 750 9
650 882 6
652 660 4
654 924 5
655 954 6
655 986 5
656 747 1
658 723 1
660 934 2
662 852 4
664 890 2
668 688 1
672 698 8
675 967 1
676 855 2
678 883 3
680 926 2
686 843 10
687 819 2
688 956 7
690 844 3
692 724 9
695 733 5
701 885 10
701 905 8
704 793 3
709 726 9
712 862 7
713 751 6
719 915 3
720 836 3
721 975 10
723 866 9
724 818 1
725 816 2
725 946 5
730 888 8
738 812 2
738 842 3
740 987 10
746 785 3
750 803 1
750 972 3
754 841 3
754 911 6
755 999 10
760 783 1
761 1003 2
767 821 7
769 869 9
770 845 9
772 857 3
776 979 10
777 891 7
786 809 2
787 976 1
789 1000 8
794 912 8
803 840 2
807 864 4
817 868 1
827 960 6
828 944 5
830 867 5
834 913 4
835 922 5
838 919 1
838 995 4
848 849 8
853 963 7
856 892 9
857 965 8
872 931 1
878 949 7
879 964 1
881 942 10
892 893 3
896 985 8
902 906 1
911 1010 2
915 990 3
921 938 7
944 982 5
969 1001 7
980 989 7
