159
1 2 6
1 9 8
1 20 8
1 66 9
1 70 4
2 3 5
2 8 3
2 13 10
2 44 3
2 63 1
3 4 1
3 7 1
3 25 10
3 32 7
3 50 3
3 59 4
3 73 4
4 5 2
4 23 5
4 116 5
5 6 7
5 10 3
5 22 3
6 15 3
6 21 6
6 24 3
6 36 6
6 79 4
6 109 8
6 130 10
7 11 6
7 12 2
7 14 6
7 74 9
8 16 9
8 68 9
9 18 9
9 46 9
9 55 8
10 35 6
10 133 4
11 47 2
11 112 4
12 110 1
12 125 8
13 31 1
13 146 9
14 56 9
15 17 6
15 27 3
16 41 9
17 19 8
17 37 2
17 148 4
18 43 5
18 92 3
18 104 6
19 40 3
19 117 4
19 131 1
20 57 2
20 86 6
20 89 1
22 38 2
22 53 10
22 54 9
22 136 6
22 141 4
23 33 1
24 26 3
24 39 10
24 45 5
24 52 2
24 87 6
24 108 4
25 78 9
25 126 4
26 28 8
26 42 10
27 34 2
27 48 9
28 29 1
28 30 3
28 82 1
29 154 8
31 103 1
33 71 5
33 132 7
34 114 9
35 49 10
35 83 9
35 101 5
37 90 1
38 123 10
38 143 6
39 77 8
40 151 7
41 58 2
41 81 9
42 72 3
43 61 4
43 65 5
44 99 3
44 106 9
44 139 4
45 84 9
45 105 5
46 51 3
48 97 1
50 62 6
50 75 9
53 98 9
53 142 5
54 107 10
55 88 4
57 80 4
59 60 5
60 102 8
61 67 7
62 64 9
62 94 1
63 93 10
64 149 2
66 76 1
66 122 4
67 69 1
67 128 5
68 124 2
71 145 5
74 85 3
74 115 2
74 144 4
75 156 7
76 91 2
77 157 10
80 113 1
80 119 10
80 159 6
83 135 2
84 100 9
84 118 10
87 95 2
87 111 9
92 134 9
93 96 3
94 121 7
98 147 5
104 120 7
106 129 10
107 127 3
108 150 1
109 153 4
124 138 4
124 160 10
129 158 10
132 155 4
134 137 2
137 140 7
149 152 3
