209
1 2 4
1 18 7
1 47 8
1 101 9
1 206 7
2 3 4
3 4 8
3 7 4
3 10 7
3 13 10
3 27 8
3 156 7
3 163 6
4 5 9
4 15 10
4 19 6
4 147 8
5 6 1
5 8 4
5 26 10
5 59 5
5 113 7
6 12 8
6 25 6
6 72 10
7 9 5
7 11 8
7 14 6
7 20 4
7 22 5
7 56 5
7 70 8
8 34 7
8 73 8
8 124 3
9 36 6
9 41 9
9 43 3
9 64 1
9 170 8
10 154 4
11 17 8
11 79 4
11 108 8
12 21 7
12 31 10
12 58 2
12 130 10
13 28 5
14 32 6
14 33 6
15 16 6
15 48 10
17 40 9
17 188 8
18 49 5
18 62 7
18 158 5
19 35 5
19 51 9
20 30 5
20 50 8
20 98 8
20 103 10
20 104 10
21 29 3
22 23 10
22 24 2
22 75 4
22 81 4
22 137 8
23 77 10
24 69 1
24 110 2
25 42 5
25 68 3
25 133 2
25 150 10
25 175 4
26 105 9
27 44 10
27 127 8
28 38 8
28 96 2
28 122 2
28 153 10
29 86 7
29 144 1
30 67 8
31 37 1
32 53 9
32 184 6
33 132 1
35 159 3
36 54 2
36 88 9
38 39 4
38 52 8
38 55 10
38 66 8
38 71 5
39 143 6
40 46 8
40 60 10
40 65 9
40 197 6
42 45 4
43 149 3
44 109 4
45 125 8
46 63 5
46 90 9
47 74 1
47 76 8
47 191 6
48 93 7
49 80 3
49 83 3
50 141 10
51 57 1
51 97 8
52 82 3
56 87 2
56 114 1
56 123 4
56 173 7
56 187 7
57 99 4
58 61 1
58 112 9
59 167 3
60 111 2
61 91 4
62 89 1
62 115 2
64 85 4
64 95 5
64 178 3
65 78 6
65 174 1
67 128 10
67 172 1
70 94 9
71 201 10
73 134 5
74 157 4
75 84 8
75 196 2
76 107 5
76 199 8
78 181 9
79 121 6
81 102 6
81 168 3
83 136 2
83 161 9
85 100 2
85 202 7
87 183 7
88 160 3
89 140 2
90 131 6
91 92 6
91 203 1
92 195 8
96 162 5
96 165 8
97 119 10
97 152 7
98 106 6
100 116 10
100 176 7
101 164 4
101 180 1
102 118 1
108 120 8
110 151 8
111 139 8
115 177 5
116 117 1
117 145 3
122 126 2
124 135 1
125 169 7
128 129 9
129 148 3
134 138 9
134 142 1
135 182 6
137 155 3
143 146 3
143 204 10
147 194 4
148 166 2
148 190 7
150 171 2
150 189 6
157 185 3
159 186 6
159 193 5
161 210 1
166 209 6
167 179 2
172 207 4
176 192 1
183 200 3
188 205 5
189 198 5
190 208 2
