259
1 2 10
1 3 10
1 14 3
1 15 2
2 4 7
2 6 9
2 20 3
2 67 8
2 121 10
2 155 10
2 230 7
3 12 3
3 31 8
4 5 1
4 7 6
4 53 7
4 92 3
4 254 4
5 8 7
5 13 2
5 18 1
5 57 4
5 79 6
5 136 5
5 226 4
6 10 8
6 11 8
6 33 4
6 36 8
6 76 7
6 127 1
6 156 4
6 240 5
7 17 6
7 48 1
7 86 2
7 213 6
8 9 4
8 19 8
8 21 9
8 37 10
8 42 5
9 52 4
9 55 10
10 88 1
10 150 8
11 28 4
11 61 8
11 219 1
12 29 1
12 49 7
12 106 1
12 153 2
13 112 4
14 22 10
14 83 9
14 109 4
15 16 2
15 25 8
15 27 3
15 51 9
15 54 4
15 113 8
15 115 3
15 119 3
16 24 5
16 40 4
16 63 3
17 95 6
18 50 8
18 96 3
19 192 10
19 257 4
20 23 4
20 32 2
20 56 3
20 89 3
20 168 2
21 65 7
21 74 2
22 26 1
22 187 3
23 47 7
23 59 5
23 224 1
24 34 1
24 77 7
26 39 2
26 90 10
26 110 2
26 120 8
26 189 10
26 246 9
27 30 8
27 135 3
28 38 5
28 132 2
30 232 5
31 35 10
31 64 5
31 131 7
32 245 2
33 104 9
33 165 7
37 41 2
38 45 9
38 46 1
38 62 9
39 44 5
40 87 8
40 116 1
40 161 4
41 198 5
42 43 7
42 73 7
42 183 4
42 234 7
42 242 7
43 72 8
44 141 9
44 160 6
44 163 3
45 70 4
46 58 1
46 75 9
46 140 5
46 145 5
48 206 8
51 71 10
51 98 3
51 130 3
52 60 5
53 178 8
53 231 8
54 66 10
55 203 2
56 78 9
56 195 1
57 211 3
59 99 6
59 126 7
60 69 7
61 101 8
61 123 4
62 157 7
62 186 3
64 93 3
64 152 4
66 68 7
67 84 4
68 82 6
68 162 3
69 85 6
69 147 5
71 199 6
73 124 9
74 80 5
74 128 3
75 241 10
76 175 9
77 180 1
79 111 2
79 122 8
80 81 4
80 154 6
82 194 5
83 97 7
83 142 1
83 164 6
85 91 6
86 94 10
86 102 6
86 114 2
86 138 2
86 149 1
86 200 4
87 100 1
87 125 2
87 134 3
88 108 9
88 129 2
88 170 3
88 255 9
89 118 4
89 188 4
89 252 10
90 247 8
92 105 5
93 133 8
93 179 7
93 190 9
94 103 4
94 146 9
95 210 3
95 236 10
96 172 3
97 107 3
97 137 1
98 212 7
99 143 9
100 184 3
100 237 2
101 117 8
101 202 9
106 191 8
106 205 1
106 208 5
108 171 9
109 218 4
110 182 7
114 193 6
114 256 5
116 159 9
119 215 1
120 174 6
120 217 1
120 250 10
121 204 6
123 251 5
125 166 2
125 176 1
128 139 7
131 151 2
133 144 9
135 235 6
141 169 6
143 158 5
144 209 8
145 148 2
145 249 1
146 207 7
146 258 9
147 260 9
148 167 9
149 229 4
150 253 10
153 223 10
154 214 1
156 197 1
159 173 2
166 259 6
172 181 2
173 177 6
177 185 6
179 216 6
179 243 5
185 196 9
192 227 10
196 220 8
198 244 4
199 201 5
199 222 8
203 221 7
203 225 8
209 239 5
211 228 7
225 233 6
225 238 2
243 248 9
