309
1 2 6
1 3 10
1 5 7
1 12 6
1 33 7
2 7 1
2 11 8
2 20 1
2 41 7
2 156 6
2 260 1
3 4 10
3 13 3
3 22 9
3 28 5
3 31 8
3 50 10
4 6 7
4 57 6
4 72 1
4 148 8
6 83 6
7 8 7
7 9 8
7 10 5
7 17 9
7 25 6
7 52 3
7 77 1
7 112 10
7 218 9
8 55 9
8 109 8
10 14 7
10 71 1
11 15 5
11 39 9
11 97 5
11 195 3
12 23 2
12 175 4
13 16 4
13 24 4
13 251 1
15 19 10
15 21 7
15 66 5
15 73 10
16 18 3
16 30 3
16 45 3
16 61 5
16 86 7
17 58 1
17 150 9
18 44 8
18 59 6
18 78 2
18 96 6
18 115 3
18 235 5
18 297 7
19 27 3
19 40 4
19 81 6
19 162 8
19 280 2
20 29 7
20 35 4
20 36 4
20 43 4
22 46 1
22 85 1
22 288 10
23 32 2
23 54 4
23 63 3
23 185 10
23 205 3
24 34 1
24 153 6
24 178 3
25 26 7
25 99 1
25 222 9
26 49 8
26 309 1
27 123 10
28 113 3
28 184 7
29 163 6
30 53 1
30 88 3
30 100 2
30 201 5
30 263 5
32 38 7
33 37 7
33 70 6
33 74 2
33 219 7
33 248 10
34 56 9
34 129 10
35 42 3
36 47 6
36 68 9
36 94 7
36 278 10
38 48 5
39 60 10
40 193 8
40 197 1
40 300 7
41 258 10
41 266 3
43 89 8
43 103 10
43 110 5
43 127 10
43 157 1
44 51 9
45 92 7
45 161 1
45 264 7
46 104 3
47 69 6
48 64 2
48 210 1
51 65 2
52 119 6
54 62 9
54 90 6
55 303 2
57 167 6
58 111 6
59 121 9
59 212 7
59 305 2
60 181 8
62 160 3
62 253 2
63 255 6
64 67 7
64 154 5
66 79 4
66 84 9
66 87 1
66 170 6
67 76 9
67 106 5
67 171 10
67 273 5
68 165 10
68 172 3
69 107 7
70 135 9
70 137 6
71 116 4
71 128 8
71 244 1
72 75 9
72 82 1
72 126 4
72 136 5
72 211 6
74 125 1
75 93 10
75 232 9
75 281 10
76 147 5
77 141 2
78 188 1
79 80 7
79 114 6
80 108 4
80 190 8
81 259 6
82 91 3
82 117 1
83 174 7
85 95 4
85 101 8
86 227 8
87 270 4
88 122 3
90 142 8
91 105 3
91 120 6
91 214 9
91 228 7
92 168 7
92 279 9
93 98 10
93 102 8
93 240 1
95 173 4
95 261 1
96 252 10
97 144 1
97 192 9
97 221 7
98 245 1
98 249 2
99 132 9
101 118 8
101 298 6
103 155 9
104 151 10
104 202 5
104 239 4
104 287 10
105 166 10
105 208 7
105 241 6
107 177 8
107 308 8
108 291 6
111 139 10
112 199 7
112 277 2
117 124 3
117 140 1
117 224 2
119 133 7
119 146 6
119 243 2
120 131 4
121 257 4
122 182 5
122 234 10
124 191 9
124 299 8
125 158 5
125 301 2
126 134 9
126 189 8
127 143 5
129 130 8
130 307 9
132 194 10
132 246 10
133 203 3
133 302 9
136 138 5
137 231 5
139 152 3
140 216 7
140 225 3
142 206 1
143 145 10
143 180 2
145 149 7
145 179 9
145 238 3
146 267 10
147 159 3
147 164 3
147 237 6
147 268 3
150 186 5
151 265 8
155 169 8
156 293 9
157 183 5
157 209 7
158 200 6
158 226 7
159 254 3
160 187 9
160 250 1
164 176 4
164 204 3
164 213 4
168 296 4
172 285 5
173 198 8
173 215 8
174 256 6
176 236 2
176 294 10
177 207 3
178 290 9
179 223 4
180 295 2
181 230 9
184 272 3
188 269 2
191 242 8
191 304 8
193 196 9
194 233 7
194 247 7
197 275 1
197 284 8
203 217 3
209 283 7
214 220 2
216 274 6
221 271 10
223 229 2
229 282 4
248 262 8
250 310 6
252 292 10
269 276 7
271 289 9
274 286 8
289 306 10
