359
1 2 7
2 3 6
2 5 7
2 11 9
2 32 6
2 34 8
2 42 10
2 212 3
3 4 2
3 7 4
3 8 1
3 144 8
4 6 1
4 9 10
4 10 6
4 21 1
4 126 6
5 36 2
5 175 3
5 273 3
6 28 9
6 33 6
6 40 5
7 69 6
7 82 3
7 183 5
8 39 2
8 46 6
8 64 8
8 106 3
8 150 1
9 12 8
9 13 4
9 18 10
9 20 9
10 14 3
10 29 8
11 16 9
11 27 6
11 58 8
11 164 2
11 177 9
12 17 7
12 72 10
12 206 1
12 284 4
13 19 2
13 38 7
13 47 7
14 15 3
14 118 10
14 294 4
15 59 7
15 76 2
15 104 9
15 109 7
16 23 2
16 192 2
17 61 4
18 22 3
18 24 2
18 91 9
18 181 7
18 240 3
19 25 6
19 26 3
19 146 4
20 108 10
20 207 7
22 162 8
22 349 5
23 41 5
23 51 6
23 63 7
23 102 6
23 160 8
24 31 9
24 159 9
25 37 3
25 171 7
25 186 10
25 235 1
26 35 10
26 45 2
26 53 4
26 89 2
26 96 8
27 135 10
28 165 6
28 166 1
29 30 2
29 54 3
30 310 6
31 99 10
31 265 5
32 55 10
32 151 10
32 219 6
32 302 8
33 44 7
33 60 10
33 274 6
34 43 6
34 68 10
34 111 10
34 122 2
34 279 7
35 241 8
36 74 10
36 291 6
37 49 7
37 138 2
37 323 3
38 83 10
38 120 8
40 57 6
40 95 2
40 170 1
41 97 2
41 101 8
41 113 9
42 62 8
42 112 2
42 185 9
42 203 8
42 217 5
42 283 1
44 67 3
44 314 10
44 351 10
45 48 2
45 275 8
46 77 8
46 98 8
46 117 6
46 149 1
46 157 10
47 132 6
47 180 10
47 214 1
49 50 2
49 56 8
49 79 3
49 124 1
49 140 10
49 259 1
50 52 4
50 71 6
50 110 6
50 147 6
51 231 6
53 65 4
54 179 5
57 308 5
57 352 10
58 66 10
58 73 3
58 85 10
58 119 10
59 145 3
61 86 10
61 125 4
61 333 6
64 100 3
64 131 8
66 70 1
67 121 4
67 154 6
67 173 5
67 211 4
68 78 4
72 84 9
72 315 8
73 75 10
73 81 3
73 87 1
73 129 8
73 239 8
74 80 2
74 196 10
75 133 2
76 229 8
77 204 6
77 342 7
78 88 7
78 90 1
78 103 1
78 341 4
79 200 9
80 220 10
82 136 2
82 325 4
84 139 8
84 262 2
84 303 4
85 92 7
85 143 1
85 254 4
86 94 8
86 142 3
87 105 7
87 123 2
87 296 7
89 172 5
89 215 9
89 268 9
90 141 6
90 292 7
91 182 10
92 93 7
92 271 10
92 281 4
94 128 2
94 134 8
94 266 5
96 116 8
96 205 1
96 359 8
97 148 9
98 107 6
98 163 2
99 250 10
101 358 9
102 216 10
102 360 3
103 161 4
104 329 5
106 115 3
108 322 8
109 317 9
111 237 2
112 114 1
112 249 6
114 137 10
114 155 2
114 344 2
115 233 10
116 226 5
116 263 5
116 267 5
118 127 4
118 253 8
118 318 2
119 248 6
120 227 5
122 288 2
124 156 3
124 178 3
124 289 2
126 130 1
126 189 4
127 195 2
127 199 9
129 158 10
130 194 2
130 285 2
132 197 2
132 223 6
132 224 5
132 280 10
133 245 7
134 252 1
134 293 7
137 152 5
137 260 5
137 301 5
138 247 4
139 198 5
144 282 9
145 187 2
147 188 1
148 357 7
149 153 5
151 168 10
151 209 9
152 232 10
153 334 6
154 286 6
155 312 8
155 347 3
158 184 1
158 330 9
162 225 10
163 167 1
165 169 6
165 176 2
167 346 1
169 174 5
169 324 1
171 190 8
172 277 4
173 270 2
175 339 1
177 258 10
179 331 9
181 193 3
181 278 9
182 201 1
183 228 4
184 191 5
184 234 7
187 210 9
187 218 4
187 221 1
188 213 1
195 287 3
196 230 4
196 256 9
197 297 5
198 202 8
198 208 3
198 222 1
198 243 5
198 299 4
198 340 5
203 251 10
205 261 4
205 276 5
206 257 10
207 246 6
209 236 10
210 343 5
217 327 1
219 332 1
221 238 7
223 306 7
232 242 10
233 290 7
233 313 1
237 244 7
237 307 2
240 255 1
240 272 9
241 298 7
242 320 6
250 337 6
253 356 8
254 295 4
257 264 3
260 269 1
264 354 8
265 300 10
265 328 10
269 348 9
271 316 9
271 326 5
273 311 10
273 336 2
277 321 9
280 355 5
285 305 5
291 353 6
293 309 2
294 304 10
307 350 5
308 335 4
318 319 7
328 345 9
331 338 10
