409
1 2 7
1 4 10
1 5 10
1 7 7
1 10 8
1 26 5
1 42 6
1 43 7
1 135 1
1 226 8
1 240 5
1 346 5
2 3 7
2 6 3
2 19 10
2 92 5
2 99 3
2 148 6
2 166 4
2 193 3
2 248 3
3 17 7
3 21 4
3 70 9
3 125 7
3 291 1
3 347 2
4 8 2
4 20 7
4 54 9
4 55 1
4 75 1
4 150 3
4 220 1
4 262 1
4 337 1
4 401 1
5 9 6
5 31 5
6 12 2
6 65 3
7 13 1
7 16 5
7 34 3
7 60 6
7 377 7
8 11 10
8 15 10
8 35 9
8 172 8
8 247 10
8 264 5
8 303 5
8 317 9
8 343 3
9 167 4
9 384 5
10 18 3
10 57 5
10 202 8
11 37 1
11 44 9
11 46 3
11 68 6
11 163 9
12 118 2
12 233 10
13 14 6
13 61 10
13 73 7
13 369 4
14 24 7
14 40 10
14 91 3
15 116 6
15 334 2
16 23 10
16 28 2
16 29 9
16 30 5
16 36 9
17 25 8
17 49 6
17 64 9
17 66 1
17 83 8
17 103 1
18 181 4
18 284 5
19 22 5
19 33 8
19 45 2
19 82 10
19 90 8
20 27 2
20 38 3
20 87 7
20 154 10
20 159 7
21 39 2
21 52 7
21 108 5
22 32 3
22 84 10
22 113 4
22 391 8
23 47 3
23 58 6
23 104 2
23 105 2
24 120 10
25 97 9
25 107 7
25 194 2
25 238 1
26 81 6
26 279 4
26 409 7
28 41 10
28 51 1
28 69 9
28 85 5
29 179 7
29 294 6
30 79 2
30 89 3
30 106 10
30 134 7
30 335 7
31 381 7
32 278 9
32 313 10
33 111 5
33 151 6
33 292 7
34 72 5
34 138 10
35 59 7
35 145 4
36 62 10
37 48 7
37 144 5
39 71 1
40 404 1
41 76 5
41 192 3
42 50 4
42 357 7
43 63 7
43 80 6
43 158 7
44 208 8
45 117 3
45 236 7
46 219 9
46 252 4
47 77 5
47 102 6
48 53 1
49 122 9
49 130 4
50 56 5
50 190 7
52 142 4
52 298 6
52 400 8
53 215 2
53 388 3
54 96 9
54 123 2
56 67 6
57 231 7
59 74 5
59 333 5
59 406 7
61 115 7
61 156 5
62 132 5
62 136 3
63 157 3
64 112 4
64 169 6
66 249 2
66 297 8
67 124 3
67 373 2
68 126 5
69 101 1
69 110 9
69 146 7
70 86 3
70 128 1
70 185 7
70 410 5
71 78 5
71 109 4
71 143 8
71 178 3
71 265 4
72 245 7
72 372 1
73 100 4
73 211 9
73 376 4
74 114 1
74 131 4
74 147 9
75 221 4
76 153 2
77 165 1
78 164 4
79 174 5
80 88 4
80 93 9
80 182 10
80 210 6
81 217 9
82 310 5
83 183 7
84 197 2
84 216 7
84 224 9
86 283 7
86 350 9
86 368 6
88 129 1
88 355 8
89 94 10
89 365 4
90 140 6
90 155 3
90 206 9
92 95 1
92 98 9
92 161 3
92 371 1
93 137 6
93 203 1
96 162 3
98 251 9
98 308 7
101 139 9
101 173 1
102 332 8
103 282 4
104 133 5
104 201 3
104 209 9
104 405 8
107 191 6
107 266 3
108 228 1
108 338 4
109 307 8
111 149 2
111 177 6
113 260 2
113 378 8
114 316 1
115 269 3
116 152 9
116 299 2
117 121 8
117 127 1
118 119 9
119 176 6
120 189 6
122 168 1
123 259 7
125 225 8
126 141 10
127 253 3
128 361 5
129 218 5
129 276 2
129 339 10
130 311 7
133 186 9
135 232 10
135 302 8
135 325 6
136 374 10
137 198 5
137 300 8
137 326 6
138 230 10
139 235 5
139 295 7
140 241 5
140 242 8
143 255 8
144 207 8
145 314 3
146 175 8
146 273 4
146 340 2
147 205 5
148 184 1
148 331 10
149 237 5
151 305 7
152 160 4
153 196 9
155 171 8
155 180 3
155 323 10
156 359 2
157 199 2
157 324 2
158 379 4
159 257 1
160 234 1
161 170 7
161 213 3
161 239 10
161 345 5
162 187 3
162 188 7
162 246 5
163 286 3
164 344 6
164 354 8
165 200 2
167 399 4
174 195 7
174 362 2
174 375 10
175 403 7
177 254 6
177 398 1
180 268 2
181 261 7
182 222 8
182 277 5
182 366 6
183 296 9
184 275 6
184 352 7
186 341 9
189 214 3
190 390 8
192 342 9
193 223 9
193 389 7
194 395 9
198 204 2
199 243 7
201 212 6
201 258 6
201 293 6
201 301 5
205 270 5
205 271 8
206 288 2
209 363 1
211 304 1
212 330 4
214 312 1
219 319 6
220 329 10
221 351 8
222 227 3
222 267 4
222 281 9
224 229 8
226 285 6
229 263 10
232 318 10
233 386 4
234 244 2
236 256 4
236 327 8
239 250 1
243 356 4
243 407 1
244 272 7
244 380 10
245 392 5
246 370 3
252 280 1
253 349 7
254 274 6
255 394 10
265 287 10
265 289 4
275 358 3
281 290 8
282 315 5
286 353 2
287 306 9
289 360 1
289 385 1
289 387 2
295 322 2
296 320 2
296 383 8
296 393 7
301 321 9
303 309 10
311 367 8
314 364 5
319 382 4
323 336 2
324 328 4
337 348 4
353 396 1
356 408 8
360 402 3
379 397 5
