459
1 2 4
1 3 10
1 4 9
1 5 3
1 99 1
1 117 10
1 124 1
1 161 2
2 6 2
2 9 10
2 10 1
2 14 1
2 225 2
2 397 8
3 7 9
3 27 4
3 28 1
3 37 5
3 48 9
4 8 3
4 118 5
5 44 9
5 61 10
5 181 9
6 11 1
6 13 5
6 36 4
7 20 6
7 23 1
7 311 3
7 317 10
8 12 6
8 25 8
8 89 8
8 93 2
8 229 9
8 232 4
8 294 8
9 16 6
9 17 1
9 30 3
9 147 6
9 249 10
10 33 10
10 73 3
10 274 6
11 26 3
11 38 7
11 129 7
11 142 3
11 275 4
11 370 1
12 15 3
12 19 2
12 24 5
12 31 10
12 34 2
12 353 1
12 388 10
13 21 7
13 92 6
13 158 6
13 171 9
13 223 9
13 447 1
14 40 1
14 71 2
14 174 7
14 191 3
15 42 1
15 123 4
15 187 10
16 39 3
16 82 6
16 104 9
16 335 1
17 18 3
17 22 5
17 43 10
17 146 2
17 402 5
18 52 8
18 172 4
19 41 2
19 57 1
19 96 4
19 98 2
19 375 5
21 97 10
21 148 3
23 64 4
23 85 1
23 444 7
24 56 6
24 63 3
25 381 1
26 47 4
26 59 2
26 152 5
27 29 9
27 49 7
27 50 2
27 112 6
28 51 6
28 53 5
29 32 4
29 126 1
29 430 5
30 45 2
30 54 2
30 110 1
30 121 3
31 35 6
31 100 8
31 221 3
31 340 1
31 363 7
32 143 8
32 178 6
32 226 5
33 130 9
33 272 4
34 252 9
35 55 9
35 90 2
35 309 3
35 450 3
36 74 5
36 87 5
36 159 9
37 65 5
37 213 7
38 69 8
38 103 5
38 111 3
38 455 5
41 46 5
41 84 6
41 127 10
41 410 2
42 77 4
42 149 9
42 186 8
42 425 8
43 255 4
44 72 10
44 76 3
44 165 9
44 251 10
45 141 4
46 227 10
46 248 9
46 261 9
47 66 6
47 241 9
47 254 3
48 264 5
49 75 1
49 173 3
50 67 1
50 195 6
50 256 7
50 417 10
51 183 10
52 167 6
52 452 1
53 250 2
53 390 5
53 431 10
54 58 3
54 62 8
54 205 3
54 208 6
55 122 9
56 81 8
56 163 9
56 383 2
57 91 9
57 105 3
57 116 1
58 79 9
59 60 5
59 278 6
60 95 2
60 157 2
60 175 10
61 68 4
61 128 6
61 156 4
61 160 5
64 343 10
64 456 5
65 80 5
65 202 6
67 70 10
67 136 5
67 259 9
67 302 3
67 453 7
68 78 7
68 94 8
68 135 4
69 303 4
70 131 7
70 220 10
70 360 10
71 86 8
71 106 3
71 115 4
72 401 4
73 164 1
73 258 10
73 297 3
75 83 5
75 119 5
75 162 2
75 290 1
76 266 7
77 424 10
78 214 8
79 329 9
79 432 3
80 184 8
81 101 2
81 168 10
81 222 6
81 277 6
83 102 10
83 398 1
85 114 5
85 137 1
87 88 3
89 179 2
90 113 1
92 108 2
92 207 2
92 293 3
92 313 10
93 134 9
93 235 6
94 384 8
96 203 5
97 209 6
97 243 8
97 287 8
97 315 10
98 271 2
98 416 3
98 419 9
101 185 5
101 200 9
102 109 3
103 180 8
103 279 9
104 291 10
104 300 1
104 421 8
105 107 5
105 336 10
106 132 4
106 407 4
107 133 2
108 138 4
109 153 10
109 334 5
110 193 2
110 218 4
111 120 7
111 231 2
112 155 10
112 176 6
113 182 9
113 301 7
114 125 7
114 150 1
115 145 10
115 298 3
115 408 3
116 212 3
116 382 7
118 166 3
119 201 9
120 206 10
121 245 7
122 228 1
122 299 5
122 322 7
123 224 3
125 192 4
125 236 8
125 380 1
126 204 2
126 361 6
127 389 2
128 260 6
130 257 9
131 280 10
131 328 6
133 151 9
133 199 10
134 458 4
136 139 7
136 140 7
137 238 5
138 144 9
140 154 2
140 288 7
144 190 4
144 347 9
145 435 6
148 194 9
148 273 5
149 409 6
150 177 7
150 364 10
151 296 7
151 310 7
152 281 7
152 362 8
153 295 10
153 438 3
153 439 2
154 189 7
155 169 6
156 354 10
157 396 6
158 356 3
159 321 4
163 216 10
163 233 1
163 237 5
165 217 3
166 215 8
166 331 8
167 405 2
169 170 6
171 316 9
172 242 9
173 196 1
173 348 7
176 230 1
176 246 4
177 284 1
178 188 5
178 234 10
178 305 9
178 332 3
179 304 5
180 253 7
181 197 5
181 420 7
183 239 7
183 267 1
183 411 10
184 211 4
185 345 5
188 320 6
189 357 3
190 210 7
190 342 1
190 423 3
192 418 7
196 198 8
196 244 7
197 262 10
197 412 1
198 219 9
198 394 6
202 339 10
204 436 5
205 330 4
206 292 5
211 247 3
212 240 9
216 312 3
216 451 2
218 269 7
220 355 3
221 270 8
221 286 7
223 391 2
224 367 3
224 395 9
225 268 9
225 337 10
226 308 4
227 263 7
228 289 6
228 359 6
233 318 9
233 326 6
233 350 9
235 414 7
238 442 9
239 338 9
239 445 5
241 283 8
246 276 2
246 306 9
246 351 6
246 378 6
248 265 4
250 377 10
251 319 4
251 429 9
251 440 9
252 379 10
256 314 6
259 426 1
261 371 8
262 282 3
262 449 3
263 373 3
270 341 7
272 349 6
274 433 3
276 285 6
278 307 5
278 393 10
287 387 10
288 325 7
289 369 3
291 324 7
291 427 7
292 385 3
297 346 7
298 374 4
298 422 1
299 327 6
312 344 8
314 323 4
315 368 9
316 434 7
319 365 5
320 448 4
322 352 7
323 443 9
325 404 7
326 437 2
332 333 3
337 392 5
342 386 3
343 366 8
345 358 8
346 372 7
346 446 6
349 400 4
351 399 2
352 406 6
360 441 4
364 459 7
375 376 7
375 457 10
377 460 9
384 403 8
389 428 1
391 413 10
410 415 2
434 454 5
