509
1 2 7
1 6 1
1 8 10
1 106 10
1 195 2
1 221 9
2 3 2
2 4 5
2 5 1
2 10 1
2 53 8
2 413 4
3 12 2
3 15 3
3 20 5
3 28 5
3 51 2
3 108 6
3 165 10
3 331 4
3 341 4
4 33 7
4 126 4
4 181 9
4 245 1
4 254 4
4 266 6
4 329 4
5 7 6
5 9 7
5 14 5
5 26 4
5 40 9
5 42 2
6 11 1
6 30 1
6 174 3
6 322 10
7 72 3
7 119 3
8 16 2
8 37 3
8 46 5
8 102 2
8 118 7
8 248 7
8 366 10
8 428 2
9 35 6
9 168 9
9 465 7
10 13 1
10 38 7
10 41 6
10 343 7
11 36 9
11 68 9
12 19 8
12 21 1
13 24 10
13 27 10
13 55 2
13 197 4
14 17 5
14 44 4
14 81 2
14 92 10
14 241 2
15 34 3
15 139 2
16 18 6
16 52 9
16 122 6
17 22 1
17 163 2
17 194 3
18 23 8
18 32 6
18 48 1
18 127 10
18 199 6
19 43 7
19 45 5
19 66 8
19 186 6
20 77 5
20 87 9
20 103 1
20 135 5
20 158 2
20 196 3
21 200 1
22 25 5
23 54 1
23 137 5
23 276 6
23 361 4
24 175 4
24 187 3
24 277 5
24 292 2
25 113 2
25 147 7
25 347 9
26 136 8
27 29 10
27 70 8
27 89 5
28 31 3
28 56 9
28 61 6
28 71 8
28 291 1
28 346 4
29 129 2
29 433 4
30 73 2
30 230 2
30 460 4
31 39 9
31 83 8
31 359 4
32 157 4
32 215 3
32 271 6
32 404 6
33 98 7
33 242 10
34 47 10
34 62 4
34 82 4
34 84 3
34 124 4
34 178 7
35 50 2
35 316 2
35 323 10
35 490 2
36 91 3
36 115 9
36 289 10
37 49 5
38 320 1
39 107 6
39 173 7
40 94 1
41 104 1
41 151 5
42 60 7
42 65 7
42 99 1
42 142 4
42 171 4
42 179 4
43 263 1
43 397 10
44 280 5
45 63 4
45 155 5
46 190 10
46 453 6
47 74 5
47 156 2
47 255 4
48 377 7
49 78 6
49 355 2
50 76 1
50 270 10
50 374 4
51 57 7
51 93 10
52 69 9
53 80 1
53 101 7
53 285 3
53 302 1
55 58 3
55 59 2
55 64 5
55 86 10
55 97 3
55 183 5
55 449 5
56 160 5
57 67 3
57 79 9
57 210 10
58 75 10
58 498 7
59 105 10
59 188 5
60 112 5
60 132 5
60 274 2
60 414 6
62 313 10
64 193 8
64 253 9
65 182 5
65 240 7
66 148 4
66 407 6
67 282 4
68 166 7
69 218 9
71 88 3
71 121 8
71 123 9
71 235 10
71 257 7
71 485 5
72 159 4
72 273 9
73 95 9
73 169 10
74 213 6
74 348 10
74 438 7
76 317 8
77 226 2
79 146 2
80 117 9
80 269 4
81 233 3
82 85 10
82 90 7
82 154 4
82 206 6
82 339 9
83 96 8
83 362 5
84 140 10
85 110 9
85 116 5
86 290 5
86 327 3
86 461 5
87 145 4
87 177 3
88 153 6
88 293 6
88 301 4
89 100 2
89 128 3
89 209 4
90 189 9
90 371 3
90 387 8
91 381 7
92 144 2
92 152 7
93 167 4
94 325 9
95 131 2
95 342 10
98 149 1
99 204 3
99 265 3
99 312 9
100 287 1
100 360 7
100 443 6
100 450 3
100 509 3
101 125 4
101 369 5
101 431 3
101 482 7
102 111 2
102 247 2
104 432 3
105 162 2
105 203 9
105 205 8
105 239 5
106 133 4
107 109 7
107 434 2
108 353 3
108 476 7
109 114 10
109 120 5
109 170 2
109 298 3
110 264 7
110 380 7
111 150 5
116 143 5
116 238 8
116 352 2
117 223 2
117 442 1
119 286 5
120 130 6
120 172 6
120 211 8
120 437 4
121 138 10
121 294 8
122 214 2
122 502 5
123 384 6
124 444 4
125 141 8
125 164 9
125 184 10
127 249 8
127 368 3
127 420 9
127 508 5
128 134 10
130 201 3
130 222 4
133 268 10
133 510 3
134 451 3
136 161 7
136 390 5
138 330 10
138 350 6
139 373 7
139 486 3
140 198 3
140 448 4
142 176 8
143 425 2
143 474 10
144 251 5
144 328 2
144 337 5
144 363 6
145 391 9
146 250 9
147 227 10
147 279 5
147 382 1
148 303 4
150 318 7
150 370 6
150 495 5
152 409 5
154 394 2
154 436 2
155 207 6
156 300 1
158 283 5
160 344 4
163 243 8
163 467 1
164 212 2
164 333 4
165 258 2
165 389 7
166 202 7
166 232 7
166 334 1
166 412 4
167 418 10
169 295 3
170 208 9
173 180 3
173 398 9
173 501 1
174 219 1
174 236 3
174 338 4
175 217 1
175 299 4
176 278 8
176 446 6
177 229 2
178 305 4
178 311 7
179 272 1
179 284 5
179 395 10
181 462 1
182 185 1
182 383 8
183 506 7
184 309 4
184 315 3
185 400 1
186 192 6
186 378 4
187 191 7
187 224 4
187 457 8
189 308 6
190 231 4
191 351 1
192 234 2
193 306 9
196 225 8
196 256 6
199 458 10
200 228 2
201 402 4
202 475 8
204 321 2
204 367 9
208 220 3
211 411 10
212 246 3
214 216 3
215 237 9
216 488 4
218 261 3
219 296 9
220 324 4
221 252 7
221 259 8
222 399 1
222 422 7
226 426 8
227 439 3
228 281 10
230 340 2
230 468 7
231 473 10
231 496 6
232 376 1
232 435 8
235 405 2
238 244 9
242 307 6
244 499 3
248 464 9
249 479 8
250 262 7
251 275 3
251 356 4
252 459 7
253 349 4
254 379 8
255 456 8
257 260 8
257 466 10
263 364 5
264 267 9
267 505 8
269 304 2
270 297 1
273 326 10
274 365 5
275 310 3
277 288 9
277 332 5
277 417 9
282 319 2
290 314 6
293 429 1
294 410 6
296 386 7
301 375 2
301 484 3
301 492 10
303 497 3
304 335 5
306 427 4
307 403 7
309 483 2
315 357 9
316 424 10
317 440 6
319 416 4
323 358 4
324 354 4
325 372 9
326 336 1
326 385 10
327 345 3
328 393 1
329 445 4
331 419 6
331 478 6
333 392 6
338 406 6
347 430 10
349 401 5
354 452 8
360 388 1
361 441 2
361 447 1
370 421 7
372 477 5
377 503 4
378 489 6
379 408 8
382 423 8
384 493 3
386 463 3
387 470 6
392 396 3
392 415 1
392 471 5
404 481 1
410 469 10
411 494 10
421 480 8
427 507 2
431 455 6
441 454 2
462 472 7
470 487 3
471 500 3
484 504 5
488 491 7
