559
1 2 1
1 3 2
1 4 5
1 28 4
1 70 7
1 345 6
1 531 10
2 5 10
2 19 10
2 34 9
2 87 2
2 315 4
3 8 6
3 10 9
3 12 5
3 48 10
3 128 2
3 284 10
3 414 7
3 523 8
4 6 10
4 7 9
4 9 6
5 44 9
5 286 6
5 382 5
6 14 10
6 170 7
6 198 1
7 11 3
7 31 7
7 63 3
7 388 6
8 13 8
8 23 10
8 30 10
8 36 10
8 299 7
9 16 3
9 47 9
9 335 2
9 360 8
9 364 9
9 386 2
10 25 3
10 182 3
11 67 10
11 142 4
11 237 10
12 176 10
13 17 1
13 20 3
13 42 7
13 66 1
13 109 2
13 186 7
13 262 10
14 15 10
14 27 2
14 29 3
14 60 2
15 18 10
15 43 6
15 82 8
15 91 6
15 123 7
15 472 10
16 21 6
16 32 10
16 53 8
16 166 1
17 37 9
17 64 9
18 26 6
18 46 3
18 50 7
18 314 3
18 393 9
19 54 1
19 57 5
19 339 7
20 22 4
20 89 2
20 181 6
21 24 2
21 45 4
21 81 10
22 61 4
22 74 4
22 117 2
22 224 3
22 259 6
22 353 5
23 41 8
23 234 3
24 99 8
24 113 4
24 199 2
24 214 3
24 416 9
25 33 7
25 118 2
25 135 7
26 38 8
28 281 4
28 482 9
29 40 3
29 103 7
29 115 1
29 279 8
30 430 10
31 94 2
31 146 1
31 290 3
32 35 6
32 102 2
32 141 1
33 83 1
33 90 9
33 473 6
34 230 3
34 389 6
35 39 2
35 114 6
35 280 8
36 376 7
37 49 3
37 71 9
38 108 1
38 158 8
38 303 7
38 520 5
39 187 6
39 288 10
39 381 6
40 76 6
41 68 9
41 97 9
42 56 4
42 486 3
43 51 6
43 85 7
43 163 10
45 59 1
45 77 6
45 179 3
45 228 9
45 287 7
45 367 6
47 101 7
47 145 1
47 235 8
48 65 9
48 310 5
48 436 5
49 52 5
49 359 6
50 69 9
50 209 9
50 227 6
52 178 1
52 330 3
53 55 5
53 62 6
53 105 5
53 412 10
53 454 2
53 551 3
54 72 3
54 231 10
54 232 8
55 346 10
56 75 5
56 80 4
56 98 3
56 137 2
56 149 4
56 253 4
56 394 4
56 460 4
57 58 1
57 165 9
57 197 2
58 180 1
59 84 3
59 144 8
59 208 10
59 331 5
61 120 5
61 193 9
62 92 8
62 239 6
62 417 9
62 447 1
63 78 7
63 112 6
63 222 5
63 321 10
64 121 8
64 148 10
64 349 9
65 73 6
67 95 2
68 184 7
68 385 8
69 79 6
69 155 8
70 125 6
70 133 3
71 111 1
71 194 4
72 248 9
72 319 9
73 88 1
74 86 3
74 134 4
75 153 4
75 408 3
76 138 5
76 139 7
76 449 6
76 544 7
77 96 10
77 356 10
77 420 6
78 396 2
79 129 10
79 428 7
80 172 1
80 366 5
81 157 5
81 355 3
81 557 9
82 100 5
82 122 5
82 255 9
82 372 3
83 104 6
83 106 5
83 130 3
83 240 2
84 107 5
85 116 2
86 200 7
86 245 5
86 297 4
86 301 2
86 548 5
87 173 8
87 254 4
88 161 5
88 329 3
89 205 5
90 160 1
90 426 3
91 398 2
91 535 10
92 93 10
92 324 9
93 167 3
93 213 5
94 407 3
95 132 7
95 283 8
95 435 5
97 341 8
98 212 3
98 236 4
99 126 3
99 136 9
99 168 7
100 110 3
101 529 10
102 124 2
102 241 4
103 127 5
103 202 1
103 216 8
103 468 9
103 510 4
104 189 3
104 443 10
104 470 1
105 327 4
106 131 8
106 151 7
107 285 6
107 409 1
108 143 10
108 204 9
109 459 1
110 147 1
110 156 9
110 203 5
111 195 3
111 326 7
112 226 1
113 150 9
114 305 6
117 318 8
118 119 9
118 140 7
119 252 8
119 485 8
120 545 2
121 320 4
121 540 5
122 292 4
122 308 5
122 338 4
124 477 6
126 162 2
126 267 7
126 467 10
127 334 5
127 475 1
128 219 8
128 343 4
128 466 7
129 221 6
131 159 10
131 164 5
131 521 9
131 542 7
132 174 9
133 177 6
133 264 9
133 306 9
134 190 5
135 152 7
136 463 1
137 311 3
138 201 2
138 247 9
138 354 2
139 154 6
139 207 1
141 229 1
142 263 7
144 223 7
145 458 8
145 474 7
146 242 8
147 218 10
147 257 9
148 175 1
148 183 10
148 191 3
148 378 8
148 424 9
151 217 10
152 333 7
153 169 10
153 337 6
155 265 9
155 444 8
156 251 8
156 352 4
156 400 10
156 480 4
157 395 10
159 246 3
160 307 9
161 476 4
162 277 4
162 560 3
163 268 10
164 238 9
164 528 5
166 171 5
167 269 3
167 384 9
168 261 6
170 278 8
170 350 1
170 558 3
171 342 4
171 413 3
173 291 9
175 188 8
178 348 4
179 233 4
179 302 6
180 185 10
181 401 8
182 243 6
182 271 8
185 336 10
186 210 5
187 206 5
189 192 10
189 211 1
189 415 6
191 362 9
191 379 5
192 518 9
193 196 1
193 374 6
194 272 4
195 539 10
196 244 6
198 300 10
199 358 3
200 225 2
203 276 10
203 282 8
204 260 6
205 220 9
205 369 2
206 397 3
206 411 5
207 249 2
207 377 7
208 392 10
208 514 2
209 294 3
210 427 10
211 266 9
211 368 4
211 552 6
212 533 4
213 215 1
213 383 6
219 437 7
220 493 2
223 347 9
223 489 6
223 550 9
224 410 7
224 469 5
225 270 9
225 312 10
225 375 8
228 502 10
229 371 7
230 258 2
230 543 1
231 325 2
232 380 10
234 316 4
234 462 1
234 464 1
234 530 1
235 390 4
235 399 8
236 256 6
236 513 2
237 391 9
240 250 10
242 516 8
246 515 5
247 322 4
247 446 5
248 323 3
248 423 4
249 296 3
250 275 1
250 293 2
250 370 9
252 304 3
253 419 6
255 273 4
255 488 9
256 509 2
262 289 7
265 351 5
265 445 2
270 365 10
270 491 7
271 418 7
272 274 9
272 295 5
272 363 10
272 406 5
272 422 9
274 441 4
274 525 2
275 309 8
278 298 1
282 340 2
286 405 5
286 511 7
287 421 2
292 496 9
294 404 9
295 357 6
295 499 3
296 450 9
297 387 9
300 440 5
300 504 10
302 433 8
305 317 6
306 442 2
306 483 1
307 344 2
312 313 5
312 328 2
312 495 3
312 506 3
313 332 1
323 503 3
325 500 1
325 517 9
327 373 10
329 434 10
330 361 1
345 451 2
345 455 3
350 439 7
351 507 7
354 456 4
357 432 5
361 438 5
362 519 10
365 402 8
365 478 6
370 448 3
370 457 6
375 547 6
378 487 3
382 429 8
383 403 1
383 546 4
384 534 8
388 538 7
389 425 8
390 537 9
391 522 9
395 508 7
399 453 10
400 471 2
401 494 2
401 541 2
413 536 9
415 559 3
428 431 5
431 505 7
434 481 6
443 461 8
445 452 3
455 465 9
457 549 8
459 479 2
465 497 2
465 501 4
465 524 7
470 484 10
472 498 4
472 527 7
472 556 2
473 526 9
476 512 6
479 492 9
480 490 3
508 553 2
509 532 4
538 555 2
540 554 2
