59
1 2 6
1 3 10
1 6 2
1 18 10
1 44 5
1 58 4
2 4 2
2 5 7
2 8 5
2 14 8
2 26 3
2 59 8
3 21 10
3 38 8
3 39 5
4 12 6
4 13 1
4 24 4
5 7 9
5 9 7
5 11 3
5 43 8
6 15 2
6 34 1
6 57 7
7 10 7
7 25 2
7 50 6
8 20 6
8 36 1
9 17 4
9 22 10
9 28 4
10 23 3
10 31 3
10 32 7
14 16 5
14 46 2
15 30 1
15 37 10
15 47 8
16 27 3
17 19 7
18 35 3
20 55 5
24 33 8
25 29 10
26 45 1
30 40 1
30 49 8
32 51 4
34 48 7
37 41 7
38 42 1
43 52 10
44 54 7
47 53 5
48 56 7
56 60 4
