609
1 2 1
1 3 8
1 69 2
1 78 7
1 101 10
1 320 3
1 362 5
1 432 10
2 5 1
2 8 4
2 11 2
2 49 4
2 92 9
3 4 2
3 6 4
3 51 4
3 52 8
3 168 1
3 197 5
4 7 4
4 20 9
4 48 4
4 76 1
4 99 9
4 533 4
5 10 7
5 12 2
5 13 5
5 45 9
5 125 2
5 232 1
6 18 9
6 24 2
6 186 4
7 19 8
7 122 8
7 470 4
8 9 5
8 147 8
8 290 8
9 22 2
9 27 8
10 14 5
10 15 9
10 34 5
10 90 4
10 109 2
10 118 7
10 123 3
10 151 8
10 395 10
11 31 4
11 308 4
11 450 7
12 40 9
12 42 7
12 172 4
12 182 1
12 291 9
12 307 5
12 379 7
13 16 5
13 83 8
13 144 5
13 436 3
13 562 3
14 41 10
14 171 6
14 211 8
14 372 3
14 428 1
14 550 3
15 23 2
15 37 8
15 62 7
16 17 5
16 36 4
16 39 5
16 71 5
16 80 9
16 160 4
16 164 10
17 21 10
17 44 2
17 383 7
17 607 7
18 25 3
18 72 4
18 285 5
18 356 2
20 33 6
20 247 6
21 29 2
21 212 2
22 26 9
22 32 1
22 108 1
22 235 8
22 578 6
23 61 4
23 165 9
24 47 6
24 240 8
25 86 4
25 124 1
25 180 2
25 394 6
26 63 8
26 192 7
26 194 2
27 28 7
27 30 6
27 106 9
27 140 2
27 277 7
27 415 6
27 439 8
28 110 7
28 195 10
28 420 8
29 35 10
29 89 9
30 50 8
30 53 5
30 95 2
30 138 7
30 185 4
30 234 2
31 65 7
31 154 7
32 112 4
32 170 2
32 299 6
32 484 7
33 38 2
33 252 6
34 54 8
34 478 3
35 84 6
35 98 7
36 46 1
36 70 4
36 105 2
36 132 1
36 167 2
36 187 2
37 111 3
37 419 4
38 85 9
38 287 6
38 565 8
39 152 8
39 190 9
39 257 7
40 43 7
40 77 1
40 390 3
41 55 6
41 57 3
41 604 1
42 87 10
42 91 7
42 346 1
43 82 3
43 351 3
45 64 3
45 81 2
45 408 7
46 129 3
46 459 5
47 66 6
47 218 3
47 268 2
48 58 7
48 102 4
48 141 5
48 169 5
48 205 2
49 59 3
49 158 8
49 272 5
50 75 7
50 150 4
50 153 4
50 293 5
51 60 2
51 159 9
51 203 3
51 251 7
52 104 2
52 258 3
54 56 6
54 221 4
54 481 3
55 126 9
55 198 4
55 216 8
55 265 5
56 229 9
56 238 10
57 68 1
57 322 9
58 115 3
60 119 8
61 504 8
62 368 10
63 146 4
63 266 5
64 74 4
64 94 4
64 377 2
64 551 8
65 67 9
66 270 8
67 210 7
67 296 2
68 204 4
69 416 7
70 93 9
71 233 2
71 573 9
72 73 2
72 88 4
72 100 7
73 130 4
73 310 9
73 423 3
75 148 3
75 156 4
75 202 3
75 282 6
76 79 2
76 302 1
76 332 7
77 276 6
78 175 8
78 215 4
78 222 3
79 107 3
79 117 1
79 173 3
80 256 4
80 316 9
81 103 2
81 278 8
81 405 4
83 540 5
84 114 7
84 162 9
85 113 10
85 189 6
85 191 5
85 294 8
85 452 8
86 97 8
86 133 1
87 226 7
88 388 3
92 259 3
92 261 5
93 96 4
94 318 4
95 209 5
95 338 3
97 137 10
98 397 10
98 496 2
99 127 8
99 244 7
99 366 9
99 414 2
100 142 8
100 513 2
101 208 8
101 220 6
103 249 7
104 116 4
104 120 6
104 358 9
105 135 9
105 157 7
105 236 7
105 274 6
105 275 4
105 337 5
107 139 3
107 149 3
107 342 10
107 548 7
108 121 8
108 347 10
108 361 1
109 242 3
109 341 3
110 339 4
111 178 2
111 184 6
111 455 10
111 575 4
112 131 3
112 174 6
112 224 3
112 545 1
114 177 8
114 328 5
117 228 6
117 241 4
117 445 6
117 482 1
118 281 3
118 510 8
119 181 4
119 359 2
119 410 1
120 161 3
120 314 6
120 543 5
121 199 4
122 128 10
122 396 8
124 145 2
124 223 2
124 463 5
125 239 2
125 303 8
125 312 9
125 349 8
125 487 4
126 213 9
126 483 10
127 143 4
127 155 8
127 367 5
128 315 8
129 134 4
129 309 3
129 323 5
130 163 1
131 196 7
132 313 6
133 136 3
135 207 9
135 343 5
135 582 7
136 434 4
138 393 3
139 188 3
140 166 5
140 464 4
140 465 8
141 500 3
141 555 2
142 490 5
144 556 3
146 409 2
148 214 7
148 324 1
149 260 3
149 440 2
151 360 6
152 248 3
152 253 7
152 264 9
153 391 1
154 179 5
155 230 10
157 460 3
158 200 7
158 418 7
159 297 8
159 319 8
160 321 1
161 193 9
164 522 8
165 227 2
165 246 10
165 336 8
166 421 9
167 176 7
168 201 10
168 352 3
170 255 8
171 331 6
172 306 8
172 486 4
173 326 3
173 583 5
173 595 9
174 301 5
175 263 10
175 369 7
176 183 3
177 327 8
177 399 1
180 402 6
181 245 8
182 492 9
184 398 5
185 298 9
185 531 6
186 497 7
187 370 7
187 374 8
190 304 2
191 335 5
193 458 1
193 527 7
193 601 10
194 267 5
194 438 7
195 243 8
195 300 4
196 286 9
197 580 2
198 231 4
199 219 9
199 350 3
199 412 3
200 344 7
200 413 9
201 503 9
201 554 5
202 593 1
203 206 10
203 311 2
206 376 9
206 417 2
208 378 10
208 424 5
208 489 7
210 547 2
210 602 4
213 217 6
213 499 7
213 521 6
215 340 6
215 559 6
216 430 6
216 435 2
217 348 1
217 401 4
219 431 8
220 237 2
221 468 9
222 225 6
222 262 3
223 507 9
226 364 10
227 385 8
227 506 3
227 585 10
228 254 10
229 288 3
231 353 6
232 271 2
232 469 3
233 566 4
233 592 10
236 529 9
236 553 10
236 598 2
238 495 8
239 577 7
240 508 8
241 535 4
242 375 4
245 381 10
245 472 5
246 502 3
247 517 8
249 250 9
250 345 1
250 476 7
251 279 2
252 537 8
253 567 3
254 530 7
255 295 7
259 425 4
260 407 8
260 429 5
261 284 1
265 387 10
265 528 10
265 560 6
266 280 3
267 572 2
268 269 8
268 273 2
268 467 1
269 426 4
269 461 1
270 283 8
270 523 10
271 357 6
272 557 10
275 334 4
275 541 2
277 389 10
278 292 1
278 471 4
279 333 8
280 289 1
282 371 5
282 462 5
283 524 7
285 589 7
287 317 2
287 520 4
288 473 6
289 480 5
291 363 10
293 427 10
295 488 9
298 354 7
299 596 9
303 305 2
304 392 10
304 586 7
306 511 3
308 329 4
308 411 4
311 404 1
311 512 6
311 571 1
313 519 3
313 542 5
314 403 4
314 591 9
315 325 1
317 330 8
317 400 1
324 433 7
324 437 3
326 384 4
329 479 3
329 561 4
329 569 5
329 606 7
331 355 3
331 448 1
332 538 10
337 453 1
339 422 7
339 444 1
342 386 3
344 605 4
354 365 10
357 406 8
358 574 5
359 587 2
359 590 5
360 382 8
363 373 3
364 449 2
366 446 7
366 466 3
375 380 10
376 451 1
382 475 6
390 594 10
391 544 7
392 454 9
393 539 4
394 443 6
398 477 8
402 441 8
404 509 9
408 447 2
410 505 2
411 516 4
416 610 3
418 474 5
419 498 9
424 568 3
427 485 4
431 584 2
435 534 4
436 442 5
437 456 4
439 514 2
441 501 8
444 526 1
447 457 8
449 491 10
450 518 6
451 493 10
453 494 10
460 579 8
471 525 6
472 536 6
482 609 2
483 549 4
489 552 4
489 564 9
491 563 6
498 546 4
499 570 6
508 515 9
511 597 10
514 576 8
525 532 5
527 603 7
536 558 7
539 581 2
570 588 8
576 608 3
587 600 7
591 599 2
