659
1 2 10
1 3 10
1 4 6
1 87 4
1 126 8
1 127 3
1 266 6
1 488 7
2 5 10
2 11 5
2 19 1
2 39 2
2 100 4
2 106 5
2 135 3
2 224 3
2 268 4
3 6 3
3 97 10
3 162 6
3 299 5
3 377 7
4 8 5
4 23 9
4 44 8
4 102 9
4 317 10
5 7 3
5 78 10
5 383 9
6 98 4
6 545 1
7 10 8
7 15 6
7 22 10
7 71 3
7 111 9
7 144 6
7 429 2
7 516 9
8 9 1
8 12 10
8 33 8
8 37 4
8 201 3
8 528 5
9 13 7
9 232 1
9 247 5
9 468 4
10 18 4
10 28 8
10 121 5
10 210 3
11 31 4
11 54 9
11 95 8
12 70 2
12 76 2
12 125 2
12 314 10
12 565 8
13 14 1
13 17 1
13 46 10
13 49 10
13 399 6
14 21 1
14 26 10
14 29 2
14 188 8
14 207 1
14 252 10
14 465 4
14 543 5
15 16 3
15 20 2
15 94 5
15 129 5
16 34 8
16 92 2
16 165 6
16 431 1
17 27 3
17 38 7
17 40 9
17 69 6
17 88 8
17 101 8
17 114 1
17 133 2
17 502 8
18 52 8
18 178 4
18 311 8
18 539 6
18 643 7
19 25 10
19 112 1
19 325 5
20 24 9
20 43 10
21 36 5
21 140 9
21 271 1
22 42 7
22 234 3
22 509 3
22 521 8
23 45 2
23 57 7
23 134 7
23 196 1
23 296 5
24 47 8
25 32 7
25 136 6
26 139 3
26 169 6
26 216 9
26 291 8
27 632 10
28 86 5
28 138 2
28 221 8
28 253 7
28 284 2
28 537 3
29 30 9
29 51 3
29 66 1
30 35 4
30 81 4
30 83 9
30 124 8
30 190 9
31 217 1
31 335 10
31 402 10
31 475 9
33 48 9
33 50 4
33 122 1
33 159 7
33 281 10
33 579 1
34 41 8
34 150 8
35 58 9
35 61 7
35 611 10
36 55 7
36 62 1
36 152 3
36 500 3
37 72 2
37 161 3
37 220 10
37 463 10
38 53 3
38 56 4
38 131 3
38 197 7
38 459 4
38 631 7
39 77 5
39 320 10
40 59 3
40 189 5
40 294 6
40 302 8
40 640 4
41 90 8
42 194 2
42 348 7
42 349 9
42 606 7
43 137 10
44 65 8
44 132 3
44 146 3
45 85 5
45 323 1
46 176 8
46 428 2
47 103 7
47 160 3
48 443 1
49 518 1
50 73 5
50 199 1
51 64 5
51 84 4
51 498 5
52 107 3
52 286 5
53 416 8
54 202 4
54 618 10
54 620 2
55 82 4
55 368 9
55 413 7
55 575 10
56 60 4
57 578 4
58 63 10
58 456 10
59 67 1
59 105 5
59 141 6
59 267 6
60 157 3
60 397 4
61 93 3
61 454 7
62 96 5
62 598 1
63 75 3
63 104 2
63 535 10
64 259 10
64 423 3
65 155 10
65 246 9
65 339 1
66 292 10
67 68 8
67 231 5
68 308 2
68 461 2
68 523 4
68 576 3
69 89 9
70 109 3
70 237 7
70 256 6
70 573 6
71 74 9
71 91 7
71 99 3
71 393 6
73 79 4
74 420 4
75 128 7
75 250 2
75 552 7
76 510 6
77 80 3
77 148 1
78 239 2
78 411 5
78 415 2
79 170 1
79 283 2
81 116 1
82 149 9
83 192 10
84 120 6
84 158 4
84 341 9
84 462 5
85 110 6
85 499 8
86 225 6
86 319 3
87 164 1
88 183 7
89 145 10
89 168 2
90 195 6
91 295 7
91 444 2
92 113 8
92 531 5
94 156 5
96 177 6
96 389 3
97 175 7
97 517 5
98 222 3
99 186 9
99 440 5
100 108 9
100 430 5
101 118 10
101 304 5
102 287 8
103 236 3
103 288 4
105 469 10
105 549 5
106 476 5
106 615 8
106 653 6
107 117 7
107 163 7
108 556 9
109 147 4
110 115 2
111 357 6
112 143 3
112 228 7
112 487 9
113 313 9
114 244 10
114 489 1
114 494 4
115 119 2
116 167 1
116 414 7
116 450 4
116 511 4
117 123 1
117 218 3
117 548 10
118 233 8
118 331 4
119 130 7
120 214 4
120 340 10
121 151 2
121 209 3
121 503 1
123 172 5
124 212 3
124 495 10
125 191 8
126 179 4
126 365 3
129 321 4
130 211 4
130 241 7
132 227 8
132 358 1
132 638 7
133 142 2
133 382 7
135 200 10
135 205 10
135 240 3
136 193 2
136 434 9
137 154 4
137 173 1
137 219 3
139 367 9
140 362 6
140 387 8
140 406 5
140 409 1
141 171 5
141 436 8
142 290 1
142 412 5
143 260 5
144 208 3
145 332 8
146 153 9
146 181 8
147 278 9
147 354 1
148 242 2
148 328 9
148 464 8
150 394 4
151 597 5
154 204 6
154 346 4
155 359 4
156 166 9
156 243 8
156 480 4
159 561 6
160 174 8
160 198 3
160 264 1
160 277 10
160 305 9
161 185 3
163 251 2
163 524 9
165 184 2
165 270 1
165 298 2
166 301 6
167 276 9
167 306 6
169 289 6
169 418 10
169 622 1
170 187 5
170 245 5
170 366 5
170 427 10
170 536 5
172 385 1
173 230 4
173 334 6
174 226 1
174 310 2
174 352 2
174 460 3
175 285 4
175 371 10
176 180 10
176 215 3
176 624 2
179 255 5
179 258 5
179 372 8
180 407 3
181 182 4
181 318 9
184 424 5
185 300 9
185 404 10
186 229 9
187 629 1
188 602 9
189 309 3
189 343 6
191 279 2
191 648 10
192 257 1
193 213 6
193 422 4
194 353 3
194 360 4
194 541 10
194 563 3
196 203 2
196 307 5
197 235 1
197 639 7
198 376 6
198 614 10
199 206 4
199 249 9
200 275 6
201 557 7
203 238 8
203 338 9
205 542 8
209 316 6
209 364 8
209 577 1
209 634 2
210 274 7
210 322 3
210 396 7
210 596 1
211 312 4
214 326 7
214 350 4
214 603 3
215 496 7
216 272 4
216 432 8
217 491 8
218 505 1
219 223 10
220 447 7
221 446 2
225 303 8
225 403 7
225 492 4
225 560 5
227 315 2
228 361 5
228 610 3
229 337 4
229 470 4
229 532 7
230 282 2
231 451 10
231 554 4
234 261 10
234 455 6
234 585 7
235 280 10
236 254 6
237 342 3
238 344 4
238 345 4
238 410 9
238 522 7
239 273 5
240 269 7
241 297 10
243 248 2
243 336 10
244 265 7
244 613 3
245 421 6
247 452 8
249 370 7
250 262 7
250 330 6
250 388 2
255 263 2
255 329 5
259 626 5
259 627 9
262 530 5
263 607 5
265 355 10
266 379 1
267 327 10
267 390 4
267 486 7
267 538 10
268 527 5
268 582 8
273 400 5
274 493 5
275 619 9
275 633 2
277 324 8
278 442 4
279 437 10
279 482 2
279 567 5
280 426 10
280 540 9
284 381 7
285 369 6
285 472 10
286 293 10
286 380 8
288 378 6
288 553 10
288 601 5
289 435 5
290 333 2
290 373 5
290 425 5
290 457 7
291 445 10
291 550 7
293 395 8
296 497 5
297 375 7
301 374 6
301 483 7
301 617 8
304 490 4
309 595 7
310 628 4
314 594 3
316 417 1
317 392 3
319 478 9
319 636 2
322 485 8
323 408 8
323 529 7
325 356 9
330 347 3
330 401 10
332 647 2
336 623 7
337 508 7
338 351 4
340 477 1
341 363 7
343 616 1
346 449 3
348 419 7
348 580 1
350 405 7
351 586 6
351 642 7
352 513 4
353 453 9
356 481 6
357 473 1
359 467 6
361 398 7
361 512 5
363 547 3
364 654 7
365 564 2
366 526 7
366 635 1
367 655 1
368 519 5
369 637 10
371 384 7
371 584 8
374 386 9
376 391 8
381 609 2
385 566 7
385 605 8
388 514 6
390 471 9
391 559 8
392 660 10
393 612 4
395 439 8
396 555 6
397 438 8
397 650 2
397 652 6
399 625 4
402 507 9
403 433 2
405 593 3
408 568 9
410 587 6
412 441 7
417 515 6
420 645 10
424 569 2
425 458 9
429 562 7
430 448 8
430 588 8
431 533 7
434 484 5
436 657 1
439 574 2
445 604 8
446 644 1
451 506 1
455 466 6
457 558 7
457 646 7
459 590 7
464 551 10
464 570 4
465 474 3
470 479 9
474 501 10
474 600 6
477 534 10
480 525 4
481 546 3
482 583 1
483 504 1
485 520 8
505 641 9
515 544 5
517 608 6
522 591 4
532 572 4
540 581 7
540 621 3
547 571 5
551 658 4
552 649 7
558 589 4
562 592 10
573 659 4
588 599 6
605 630 10
635 651 9
648 656 3
