709
1 2 7
1 6 7
1 24 6
1 33 7
1 51 4
1 83 4
2 3 10
2 5 5
2 12 1
2 26 1
2 231 7
3 4 4
3 7 7
3 17 9
4 8 1
4 14 5
4 27 7
4 43 5
4 64 3
4 115 10
4 206 8
4 284 5
5 30 4
5 55 7
5 57 2
5 58 4
5 467 1
6 16 2
6 81 3
6 226 4
6 281 4
6 432 9
7 10 10
7 47 4
7 62 1
8 9 10
8 31 2
8 34 4
8 45 3
8 46 9
8 170 1
8 334 3
9 13 10
9 28 1
9 36 4
9 56 6
9 619 10
10 11 9
10 15 3
10 37 10
10 87 5
10 626 3
11 22 1
11 52 6
11 76 3
11 149 3
12 38 3
12 160 7
12 413 5
13 19 10
13 35 2
13 240 9
13 509 10
14 18 7
14 204 1
14 275 2
14 700 3
15 23 6
15 50 3
15 86 4
15 97 9
15 100 8
16 20 6
16 68 3
16 193 6
16 680 6
17 21 2
17 260 7
17 280 1
17 410 9
18 29 10
18 40 3
19 637 6
20 116 9
20 139 1
21 39 7
21 93 8
22 48 3
22 140 3
22 516 5
22 640 7
23 25 2
23 257 6
23 646 8
24 60 6
24 142 10
24 300 2
24 318 8
24 420 9
24 524 9
24 673 7
25 289 1
26 325 8
26 493 1
27 69 6
27 91 3
27 129 10
27 328 10
28 80 5
28 111 3
28 157 3
28 249 1
28 599 4
29 78 5
30 32 5
30 126 5
30 198 10
30 222 2
30 288 9
30 301 3
31 41 4
31 71 4
31 537 7
32 161 6
32 326 6
32 407 3
33 141 3
34 54 7
34 77 7
34 466 6
34 488 6
35 132 7
35 243 6
36 63 5
36 533 1
36 542 2
36 606 6
37 250 5
37 336 6
38 42 5
38 61 9
38 205 5
38 256 3
39 123 10
39 371 2
39 565 3
40 66 1
40 456 6
41 125 8
41 398 10
41 403 7
41 454 5
41 608 7
42 49 6
42 67 8
42 74 5
42 117 4
42 549 1
43 44 1
43 92 8
43 96 1
44 53 7
44 152 7
44 312 3
44 455 6
44 660 9
45 90 6
45 369 2
46 72 6
46 138 6
46 444 8
47 124 2
47 128 8
47 197 3
47 657 2
48 118 4
48 147 8
49 59 7
49 395 5
50 360 5
50 393 3
50 443 1
52 112 7
52 201 4
53 75 8
53 105 7
53 108 8
53 114 6
53 196 8
54 88 9
54 163 9
54 168 6
54 274 10
54 344 6
55 94 10
55 481 3
56 131 10
57 155 7
57 186 5
57 203 5
58 296 7
58 512 9
59 150 2
60 174 10
61 189 4
61 199 5
61 210 3
61 332 3
61 644 2
62 85 2
62 370 10
63 65 1
63 73 3
63 461 9
63 702 2
65 110 10
65 310 2
65 378 8
66 70 6
66 79 10
66 82 1
66 166 1
66 227 6
66 402 6
66 459 1
66 503 9
67 254 9
69 99 8
69 102 5
69 144 2
70 109 5
70 478 8
71 283 8
71 473 8
72 213 5
74 173 1
74 401 10
74 616 1
75 207 7
76 352 3
77 220 9
77 364 10
78 235 9
79 84 5
79 253 3
79 313 2
80 98 2
80 480 7
81 148 5
81 357 9
83 251 2
83 536 4
83 645 4
85 181 2
85 184 10
85 259 9
86 89 9
86 113 2
86 130 5
86 308 7
86 337 10
87 106 2
87 120 3
87 145 1
87 293 6
87 329 9
87 518 10
88 431 1
88 468 5
89 440 6
90 101 10
90 162 10
90 363 5
90 544 9
91 442 5
91 647 10
92 95 8
92 127 10
92 167 10
92 426 7
93 158 3
94 135 6
94 430 5
94 689 3
95 531 6
96 133 3
97 104 10
97 209 1
97 436 5
98 237 7
98 261 9
98 292 8
99 103 7
99 137 1
100 119 2
100 164 8
100 172 3
100 270 1
100 677 7
101 452 2
101 600 3
102 244 3
103 291 3
103 583 5
104 451 6
105 175 9
105 409 5
106 107 4
106 490 1
108 632 5
109 134 5
110 246 9
110 387 5
111 122 4
111 341 2
111 464 9
111 552 2
112 154 2
112 169 10
112 239 5
112 265 5
112 333 5
113 136 6
113 151 7
114 121 5
114 266 1
114 656 8
115 191 9
117 340 4
117 511 1
118 153 5
118 264 7
118 558 10
118 664 1
119 279 1
120 269 10
121 180 9
121 211 1
121 233 8
121 397 3
121 483 3
125 188 10
125 200 3
126 179 7
126 528 3
127 294 6
127 314 3
127 669 7
129 449 4
130 208 5
130 338 4
130 348 5
131 143 2
131 146 7
131 156 5
131 171 9
131 214 7
132 343 2
133 224 6
134 358 8
134 581 5
134 650 7
135 195 4
135 506 9
136 223 5
137 377 5
137 379 8
138 411 8
139 190 10
140 192 9
140 242 4
141 219 2
141 258 1
141 405 9
142 177 10
142 194 3
142 215 6
142 236 10
143 159 3
143 382 1
143 399 7
144 366 6
145 572 3
146 185 4
146 392 7
147 282 8
148 255 7
149 278 4
150 232 8
151 165 8
152 612 7
153 520 1
153 540 5
154 176 4
154 273 6
154 532 10
156 622 7
157 229 9
158 499 1
159 182 2
159 391 7
159 678 10
160 187 6
160 311 7
160 315 8
160 519 2
160 576 3
160 653 5
161 439 10
162 433 7
163 356 2
163 460 10
164 386 7
164 445 3
165 354 7
165 479 1
167 183 8
167 247 7
169 268 3
171 178 2
171 396 3
171 500 5
172 212 1
172 306 4
172 620 4
173 230 6
173 415 2
175 347 2
175 486 1
176 202 5
176 545 8
176 663 3
177 569 10
178 416 3
179 710 3
180 474 4
180 530 6
181 218 5
182 286 2
182 425 4
184 376 6
184 435 1
185 498 2
186 276 3
187 221 3
187 330 5
193 502 9
194 252 2
194 321 3
196 319 9
196 526 8
197 228 3
198 263 8
198 304 3
199 305 2
201 568 2
205 491 6
206 553 3
210 241 1
210 297 2
211 262 8
211 574 2
212 267 4
212 345 10
213 216 5
213 245 9
214 225 1
216 217 10
217 248 5
217 272 5
217 316 6
217 421 5
219 238 5
219 389 4
220 350 7
221 487 8
223 290 5
223 458 7
224 331 8
224 618 10
226 234 1
226 271 7
226 285 9
228 309 6
229 383 1
231 324 9
232 303 6
233 652 9
233 705 1
234 342 8
234 593 8
235 592 9
235 655 5
237 320 7
237 475 6
237 580 7
239 335 7
239 375 9
239 385 6
240 670 10
241 539 7
242 317 9
242 428 4
242 476 9
243 408 9
246 384 7
246 551 3
246 683 9
247 538 7
249 605 6
250 302 9
250 351 4
252 287 7
254 361 7
257 327 7
257 643 2
259 548 9
261 658 9
262 277 7
262 367 3
263 594 9
265 349 4
265 447 3
266 295 6
266 424 7
267 394 10
268 575 4
269 298 10
270 507 1
270 591 2
271 381 6
271 462 2
272 307 5
272 322 2
272 527 3
272 654 3
274 624 1
275 368 9
276 346 10
276 419 9
278 441 9
279 463 5
280 513 9
284 515 2
284 577 9
287 355 8
288 636 7
292 406 4
292 570 4
292 671 6
293 299 8
293 437 4
293 529 6
295 617 3
296 523 7
297 562 2
298 323 5
300 585 5
301 627 5
302 365 10
302 450 6
303 554 8
303 614 9
305 400 9
307 422 2
309 339 10
310 693 3
313 380 4
314 412 6
314 561 6
316 621 2
318 534 3
319 494 2
320 508 3
323 630 5
324 434 6
324 634 3
326 661 7
326 701 9
327 353 5
327 359 4
330 556 3
330 709 9
334 495 9
335 469 3
336 423 10
336 525 9
336 631 9
337 665 3
340 362 7
341 465 1
341 485 7
342 390 2
343 388 4
343 598 8
345 417 1
348 573 1
355 477 5
355 546 2
358 446 2
360 372 5
363 373 8
364 374 10
366 492 2
369 686 5
373 699 9
377 404 2
377 472 4
377 489 6
378 429 1
380 453 2
382 698 10
386 625 4
387 482 6
388 601 6
390 414 3
390 484 9
392 521 10
393 501 8
394 697 10
395 496 2
396 704 6
397 418 5
398 681 6
403 504 4
405 609 1
407 578 2
407 586 3
407 707 2
408 427 10
408 633 7
410 471 4
415 695 4
416 438 1
416 690 5
418 588 8
420 602 2
422 497 6
422 510 10
423 691 2
424 589 7
429 448 1
433 505 8
435 555 8
435 685 6
436 639 7
438 535 7
440 457 7
440 514 4
440 675 7
446 642 7
469 470 10
477 595 10
478 517 9
479 659 3
481 672 7
484 559 9
486 547 8
487 550 8
490 579 9
490 604 5
492 541 7
497 596 3
498 603 6
504 560 4
506 629 9
510 564 6
511 571 6
513 557 4
515 566 9
515 597 2
516 522 8
521 563 10
524 610 3
529 668 3
530 543 6
533 584 8
534 706 3
536 613 1
538 587 5
544 641 9
546 567 10
549 623 8
550 648 9
550 688 6
551 684 9
552 582 6
567 607 10
573 590 10
575 615 7
575 687 2
580 628 1
581 667 9
590 708 3
594 611 8
595 694 4
597 662 9
601 638 1
603 635 10
605 649 4
609 682 2
610 676 2
611 703 3
616 696 3
619 666 1
628 651 8
640 674 2
644 692 1
648 679 2
