759
1 2 8
1 3 10
1 5 9
1 289 6
1 696 6
2 25 3
2 36 6
2 42 8
2 110 10
2 121 9
2 365 4
2 582 9
3 4 3
3 6 1
3 14 5
3 52 10
3 70 7
3 98 10
3 218 4
4 10 9
4 18 10
4 26 1
5 50 7
5 55 1
5 115 2
5 171 6
5 374 10
5 454 2
6 7 2
6 109 5
7 8 5
7 12 8
7 19 3
7 27 8
7 39 8
7 64 9
7 73 8
7 366 1
8 9 10
8 11 1
8 77 1
8 143 1
8 346 8
9 16 5
9 17 5
9 23 9
9 34 2
9 122 4
9 563 6
10 31 3
10 37 10
10 85 3
11 13 8
11 22 4
11 30 8
11 59 9
11 342 5
11 462 2
12 15 1
12 40 8
13 291 1
13 499 7
14 29 4
14 47 9
14 193 4
14 214 10
14 219 10
14 327 1
14 529 4
14 619 7
15 263 10
15 553 8
16 54 9
16 86 8
16 140 10
16 465 6
17 20 10
17 41 9
17 48 1
17 57 6
17 107 1
17 168 8
17 196 7
18 21 9
18 24 2
18 75 2
18 452 6
18 680 2
19 56 1
19 186 2
19 281 10
20 33 8
20 524 3
20 722 8
21 60 8
21 74 7
22 28 1
22 49 1
22 71 7
22 132 9
23 44 9
23 133 5
23 461 3
24 83 7
24 104 6
25 66 2
25 97 2
25 285 10
25 478 2
26 32 4
26 45 1
26 91 4
26 229 6
26 415 1
27 38 10
27 88 7
27 205 9
27 207 6
27 647 7
28 69 1
28 398 1
29 35 2
29 80 7
29 273 3
29 726 7
30 117 8
31 58 3
31 500 3
32 157 6
32 184 7
32 375 1
33 238 6
33 448 7
34 53 10
34 100 9
34 126 8
34 505 6
36 111 2
36 657 7
37 51 8
37 539 2
39 43 9
39 46 2
39 451 10
39 646 8
40 179 8
40 222 8
40 266 8
41 458 4
42 65 2
42 190 7
42 295 3
42 356 9
43 62 2
43 150 4
44 82 9
44 139 2
44 149 1
44 216 3
44 246 8
44 391 9
45 135 8
45 175 7
45 692 3
46 72 5
46 87 7
46 319 3
46 477 9
48 120 10
48 265 5
48 287 6
49 147 4
49 213 9
49 321 10
50 267 8
50 515 2
51 76 8
51 284 2
52 101 1
52 212 8
52 322 6
53 90 5
53 520 4
54 81 2
55 63 7
55 693 7
56 439 7
57 125 8
58 102 2
58 525 8
59 61 5
59 233 4
59 305 9
60 68 3
60 283 2
61 146 7
61 300 10
61 562 6
62 228 6
63 96 10
63 116 4
63 151 8
63 359 5
64 128 8
65 67 4
65 92 9
65 108 4
65 142 3
65 316 6
65 716 1
66 78 8
66 79 6
66 84 2
66 240 2
66 259 8
66 278 8
66 712 10
67 208 2
67 220 1
68 269 4
68 730 7
69 345 3
70 333 9
71 89 4
71 144 4
71 250 5
71 674 10
72 105 3
72 158 5
72 180 1
72 256 1
73 136 9
73 176 1
73 360 9
73 432 7
74 161 5
74 199 8
74 453 2
75 93 9
75 95 5
75 231 3
76 114 8
76 118 1
76 123 4
76 384 2
76 396 10
76 518 6
76 585 5
78 94 6
78 130 7
78 162 7
78 434 6
78 748 3
79 302 10
79 456 10
79 493 7
80 124 7
80 145 1
81 244 8
81 252 8
81 578 10
82 241 10
82 272 7
83 183 6
83 275 4
83 399 7
83 412 7
84 509 8
85 156 6
85 160 7
85 227 3
86 593 7
87 103 2
87 164 10
87 234 1
87 334 10
89 185 8
89 232 5
89 583 7
89 719 8
90 280 5
91 131 6
92 155 7
92 418 2
93 166 5
93 303 5
93 304 7
93 670 10
94 106 9
94 245 2
94 257 6
94 475 10
94 538 4
94 700 2
95 112 4
95 134 1
95 159 7
95 203 8
96 99 5
96 441 9
97 172 7
98 113 1
98 129 7
98 152 1
98 253 4
98 254 10
98 603 1
100 204 2
100 318 6
100 358 3
100 373 8
100 481 2
102 423 2
102 577 7
102 736 7
103 127 9
103 154 3
103 389 1
104 170 10
104 299 4
104 561 8
105 191 3
105 195 10
105 211 4
105 711 3
106 215 10
106 243 10
106 572 6
106 635 6
107 141 3
110 177 7
110 514 5
111 119 6
111 202 4
113 555 9
114 194 6
117 153 4
117 189 8
117 235 4
117 457 10
119 137 4
122 355 3
122 530 10
123 181 9
123 187 3
124 206 5
125 405 6
125 420 3
126 438 7
128 173 5
128 370 8
128 691 10
129 200 9
129 292 2
130 197 2
131 167 8
134 174 7
134 239 9
134 378 5
134 446 8
136 138 3
136 198 1
136 201 6
136 309 8
137 361 6
138 178 2
138 390 10
139 372 6
139 668 7
140 347 3
141 226 10
142 349 1
142 510 10
144 650 9
145 148 4
145 165 4
145 401 8
145 710 9
148 237 4
148 277 5
148 362 6
148 630 9
149 501 4
150 163 2
150 344 10
150 667 1
151 169 4
152 217 5
153 251 5
154 286 5
154 463 3
157 756 5
159 498 5
160 188 5
161 225 2
161 569 5
161 624 1
162 261 10
162 397 2
162 400 2
162 402 8
162 442 8
163 236 1
164 249 6
164 431 9
165 419 8
165 523 6
166 248 4
168 297 4
168 584 5
170 732 2
173 182 4
173 629 8
175 223 1
175 340 3
175 417 6
175 449 4
175 651 10
177 435 6
179 357 1
180 290 9
180 367 2
182 288 4
182 308 3
182 380 2
182 411 1
182 552 8
183 368 1
183 480 4
185 210 1
185 271 3
185 293 7
185 385 5
186 472 3
186 675 9
188 351 9
188 594 7
189 192 8
190 383 1
190 504 7
191 491 2
192 247 5
193 258 4
194 314 7
196 323 1
196 363 5
196 413 2
196 571 4
197 532 6
198 282 4
198 440 8
199 331 8
200 343 8
201 209 9
201 615 2
201 666 3
203 307 1
203 634 8
204 224 1
204 648 2
205 221 8
208 242 6
208 270 7
208 328 4
210 255 5
210 262 3
210 663 4
212 311 2
216 695 9
217 301 10
217 482 6
218 260 2
219 315 9
219 660 1
221 230 6
222 408 4
223 739 2
228 757 3
230 495 5
230 733 9
231 684 10
232 698 6
234 274 10
235 421 9
235 626 2
236 426 9
237 466 4
237 488 7
237 688 2
239 348 4
239 474 5
242 580 1
242 597 3
243 620 6
245 276 3
245 706 6
245 714 6
246 310 9
246 341 6
248 264 7
248 556 5
249 296 1
249 537 10
249 581 7
252 545 1
253 590 3
254 612 3
255 592 2
256 268 9
256 294 8
257 642 5
258 312 2
259 554 9
260 557 5
261 354 2
261 377 5
261 606 6
262 279 10
262 433 6
262 625 6
263 298 1
263 607 9
263 653 7
264 502 5
265 610 10
266 414 10
268 469 3
270 320 10
270 393 10
272 337 5
272 459 9
273 382 10
273 425 10
274 613 7
274 705 10
274 727 6
275 751 5
276 350 7
277 317 6
277 473 6
277 503 6
279 407 9
279 567 10
279 676 2
281 330 8
281 406 6
282 376 5
282 424 7
282 570 3
282 697 10
285 596 6
286 325 8
286 566 8
287 671 1
288 476 3
289 444 8
289 703 10
290 386 7
290 617 3
291 428 1
292 329 7
292 519 3
292 548 10
292 749 6
293 568 2
294 326 6
294 755 10
295 544 6
296 336 4
296 369 3
297 379 3
297 387 1
297 641 3
298 339 3
298 381 5
298 404 5
298 564 10
299 306 7
299 507 10
300 392 4
300 522 2
300 616 8
301 313 8
301 464 3
302 531 10
302 731 4
303 403 1
305 743 8
309 708 8
309 715 4
311 335 1
312 324 5
313 550 4
319 467 8
320 332 9
322 447 9
322 547 3
323 494 1
325 659 10
326 338 3
327 422 5
328 364 4
328 416 5
328 490 8
330 628 5
332 551 5
333 352 2
333 427 10
334 410 2
334 588 4
334 649 10
334 750 9
336 479 1
337 723 8
339 353 10
340 549 10
342 484 5
345 575 10
345 686 8
350 513 8
350 694 10
353 371 6
354 559 8
355 542 9
358 486 9
358 492 10
359 395 4
360 445 4
360 622 2
361 409 1
364 638 2
364 687 8
367 579 8
372 508 10
374 521 3
375 436 3
378 437 9
378 636 3
379 506 4
379 528 9
381 611 9
382 455 4
382 470 6
383 599 7
383 631 1
386 388 4
387 535 7
389 394 7
392 450 4
392 517 3
398 496 1
400 483 2
405 683 3
406 690 5
406 759 9
408 443 7
408 511 7
409 608 4
409 614 2
411 546 6
414 541 3
414 600 7
417 721 9
422 718 2
423 747 2
424 471 7
425 429 4
425 460 7
427 430 5
428 672 5
433 468 5
436 512 4
436 536 8
438 713 9
442 742 6
446 527 8
448 565 5
449 685 9
452 621 10
453 633 9
454 632 1
456 704 3
457 601 2
458 707 9
461 560 10
461 645 1
462 573 4
463 485 2
464 497 1
466 602 10
470 558 4
471 576 6
471 618 5
471 669 4
472 489 7
472 662 10
474 658 9
475 487 4
476 595 7
478 681 9
483 702 1
487 516 3
490 644 10
491 589 3
492 746 1
494 574 10
494 735 10
498 543 8
498 709 6
500 526 6
503 591 3
509 752 8
510 701 3
513 725 1
518 540 2
521 533 7
525 534 7
529 604 3
529 639 10
529 661 2
540 699 2
545 664 7
549 656 10
550 586 6
555 627 7
555 665 9
558 678 1
558 734 4
559 720 5
561 640 2
562 637 3
566 754 2
570 760 6
577 741 5
579 609 2
580 587 6
582 724 1
583 717 7
588 605 10
590 598 9
590 643 1
590 679 10
591 654 3
599 623 4
617 652 1
620 677 2
620 744 6
624 758 3
630 655 7
630 753 6
637 682 7
643 689 8
648 740 10
658 673 8
682 728 7
699 737 7
705 738 1
707 745 1
712 729 1
