809
1 2 7
1 3 9
1 4 7
1 199 1
1 567 4
2 373 9
3 5 2
3 6 10
3 9 8
3 12 9
3 40 1
3 105 6
4 13 3
4 130 1
4 183 9
5 7 6
5 11 10
5 14 2
5 38 10
5 48 6
5 142 7
5 329 2
5 424 4
6 8 2
6 50 3
6 52 4
6 228 3
6 510 5
7 245 8
7 526 1
8 15 8
8 16 8
8 17 8
8 19 1
8 28 3
8 29 3
8 295 9
9 10 2
9 26 2
9 371 10
9 586 7
9 636 2
10 18 10
10 83 10
11 27 7
11 37 6
11 60 4
11 73 5
11 116 3
11 506 3
11 518 5
12 78 6
12 192 3
12 544 6
12 719 10
13 24 2
13 101 4
14 20 3
14 23 8
14 157 1
14 239 6
14 283 7
15 55 6
15 294 6
16 21 3
16 25 7
16 92 7
16 238 10
16 485 8
17 62 5
17 77 2
17 112 10
17 125 6
17 180 1
18 138 7
19 22 1
19 106 10
19 159 10
19 187 10
19 364 4
20 314 7
21 30 4
21 49 9
21 268 6
21 293 5
22 33 2
22 191 5
22 209 8
22 323 6
22 458 4
23 32 5
23 84 8
23 172 3
23 368 10
23 533 6
24 35 3
24 42 3
24 287 3
24 736 3
25 57 6
25 90 2
25 188 1
25 251 5
25 441 8
25 802 3
26 58 4
27 45 1
27 85 5
27 117 6
27 596 2
28 120 8
28 318 3
29 47 5
29 219 10
30 31 8
30 421 8
30 627 2
31 51 5
31 65 5
31 75 2
31 437 6
31 639 8
32 126 5
32 174 2
32 311 5
32 419 3
33 34 9
33 36 6
33 74 7
33 304 7
34 61 5
34 81 5
35 39 1
35 46 6
35 111 2
35 133 3
35 205 1
35 379 2
35 397 4
35 471 5
37 753 2
38 53 5
38 272 6
38 406 4
38 423 4
38 751 10
39 72 8
39 248 10
39 668 9
40 41 4
41 43 1
41 114 5
41 206 8
41 232 3
41 443 8
42 99 7
42 433 10
42 645 5
43 44 10
43 59 3
43 71 6
43 194 9
43 275 2
44 266 7
44 490 9
45 361 6
46 54 2
46 63 9
46 68 1
46 552 6
47 56 8
47 94 8
47 659 10
48 197 9
49 108 1
49 570 1
49 642 2
50 76 4
50 88 5
50 95 1
50 449 1
50 622 10
50 797 3
51 163 8
53 82 3
53 139 4
53 229 5
53 436 7
53 630 9
54 255 4
54 334 3
55 69 8
55 93 1
55 310 10
56 64 3
56 67 1
56 299 6
56 341 6
57 79 7
57 89 9
57 385 5
58 66 10
58 250 1
58 372 1
58 550 3
58 710 10
59 96 3
59 135 9
59 320 4
60 100 3
60 378 7
60 529 3
61 236 10
61 309 5
62 286 2
62 412 10
62 446 2
63 740 5
64 87 2
64 363 1
65 70 3
65 148 9
65 164 6
66 86 9
66 605 10
66 696 6
67 104 7
67 227 7
67 343 5
67 617 2
68 331 5
69 122 10
69 155 8
69 342 4
70 127 5
70 154 10
70 178 2
70 359 7
71 358 9
72 137 5
72 429 7
72 440 1
73 222 8
73 234 3
73 300 9
73 788 3
74 202 4
74 203 3
74 532 8
75 326 1
75 638 10
75 809 8
76 80 4
76 249 1
77 91 6
77 97 1
77 165 2
77 723 2
78 224 7
78 230 7
79 134 9
79 201 3
79 243 2
79 269 9
79 328 6
79 345 2
79 517 10
80 98 1
80 407 5
81 118 3
81 140 5
82 107 4
82 160 7
82 296 9
82 396 8
82 702 10
83 354 6
84 119 4
84 267 2
85 603 5
85 747 6
86 109 8
86 204 7
87 448 6
88 184 4
88 262 6
88 281 7
88 289 8
88 712 1
89 136 5
89 158 5
89 381 1
90 156 8
90 391 5
92 416 9
93 223 6
93 657 10
94 193 10
94 473 10
94 634 7
95 726 4
96 102 10
96 175 3
96 216 3
97 123 10
97 128 5
97 166 4
97 261 4
97 581 2
97 633 3
100 103 6
100 146 1
100 256 7
100 536 3
101 434 1
102 153 9
102 170 5
102 247 4
102 285 9
102 315 9
102 339 9
103 131 7
103 215 5
103 344 9
104 124 3
104 145 3
105 171 5
105 212 6
105 514 3
106 113 4
106 181 9
106 208 4
106 442 1
107 132 8
107 454 3
108 110 5
108 290 5
108 327 1
108 460 1
108 504 4
109 503 10
110 129 5
111 115 7
111 305 10
112 144 10
112 270 4
112 598 9
113 162 9
113 400 8
113 439 2
114 121 1
114 152 1
114 716 3
117 241 6
118 161 6
118 403 3
118 410 5
119 220 1
119 280 5
120 491 7
121 149 1
121 466 2
122 394 3
124 213 10
124 282 2
124 435 4
125 150 7
125 252 7
125 475 1
125 497 5
126 240 4
128 687 9
129 635 8
130 143 6
131 211 4
132 176 6
133 147 3
133 692 6
134 189 1
134 382 10
134 568 2
134 771 4
135 141 4
136 233 4
137 316 4
137 554 4
138 237 10
138 254 1
138 595 4
139 556 1
140 632 5
140 708 10
140 725 4
144 177 2
145 395 5
147 186 2
149 151 8
149 167 9
149 168 7
150 563 6
150 660 3
151 182 9
151 190 6
151 551 10
152 288 10
152 701 7
153 366 3
153 408 6
154 214 3
154 253 3
156 321 8
157 706 8
158 420 8
158 795 1
159 169 5
159 173 3
159 179 6
159 271 5
160 207 7
161 301 4
161 666 2
162 360 1
162 792 2
163 374 3
163 393 10
163 461 7
163 559 6
163 676 5
164 738 7
165 264 6
166 196 1
168 495 3
169 260 6
171 522 5
172 195 5
172 353 6
172 531 6
173 677 3
174 780 7
175 244 9
175 355 5
176 425 5
176 465 4
176 492 5
176 499 10
177 231 3
178 477 5
179 681 8
179 695 3
180 210 6
180 369 4
180 390 9
180 707 4
181 259 3
181 585 6
182 198 8
182 217 6
183 225 3
183 258 4
183 348 7
183 777 3
184 185 5
184 770 1
185 335 3
185 507 8
185 576 3
186 401 5
187 621 1
188 377 4
188 553 9
188 641 2
189 384 7
191 530 7
191 765 9
193 200 3
193 276 9
193 284 1
195 221 3
195 357 7
196 402 6
197 409 2
197 523 8
197 543 7
198 734 1
200 493 1
200 494 4
200 524 8
200 721 6
201 383 8
202 306 6
202 415 1
202 624 5
202 713 10
203 388 2
203 649 8
203 755 4
204 322 1
206 297 5
206 438 2
207 330 6
209 273 7
209 774 6
210 278 2
210 430 4
211 277 7
212 387 3
212 463 3
214 263 4
214 804 2
215 218 9
215 479 6
215 671 6
216 413 8
217 246 7
218 274 7
218 480 4
218 521 6
220 784 6
221 226 6
221 715 9
222 292 4
223 565 1
225 728 7
226 235 5
226 356 3
227 418 9
228 242 5
229 508 2
229 528 10
230 346 10
231 319 5
233 652 9
236 349 1
236 579 10
238 352 10
238 602 9
239 298 5
239 583 8
239 670 10
240 564 9
241 257 7
241 651 8
242 313 7
242 432 9
244 629 9
244 754 9
245 365 6
245 577 5
245 640 2
246 444 7
246 592 8
246 600 6
247 376 7
248 389 2
248 431 6
249 302 8
249 731 1
250 338 8
250 679 6
251 803 4
252 291 5
255 450 10
256 380 7
257 411 8
257 414 1
257 487 5
261 265 10
261 308 2
262 350 6
263 336 1
267 758 10
268 386 3
268 779 9
269 470 2
270 347 10
270 509 8
271 562 7
272 737 6
274 279 4
274 340 1
274 646 1
277 478 6
278 324 6
278 351 9
278 417 5
280 674 10
281 653 9
282 332 5
283 325 10
285 312 1
286 746 3
289 398 7
291 307 10
291 317 5
291 571 6
293 303 9
294 428 10
294 566 6
294 569 6
294 766 2
295 370 9
295 520 7
295 650 7
300 367 1
300 781 4
301 637 9
303 333 1
303 573 3
305 691 7
306 375 2
306 447 7
307 545 6
308 658 1
309 613 3
309 772 1
310 549 8
311 537 8
313 456 10
313 548 9
314 468 2
315 362 7
315 789 10
319 486 1
319 580 1
319 588 6
320 593 6
320 810 3
321 601 4
321 615 4
324 608 7
324 794 4
325 337 7
325 404 2
326 467 2
327 697 1
330 589 4
330 685 3
331 648 1
331 745 5
332 451 8
332 502 8
334 599 9
335 761 2
338 727 8
338 785 3
339 455 2
339 733 3
341 535 7
341 768 1
342 392 4
343 457 2
344 422 5
352 469 9
358 584 4
365 484 7
365 655 7
367 729 2
367 744 9
368 427 2
368 787 3
370 578 8
370 730 10
373 399 2
374 620 5
374 684 3
378 534 10
378 673 1
379 609 3
380 452 6
382 623 7
385 557 7
388 572 10
390 764 3
391 481 1
391 519 2
391 703 6
392 426 2
395 405 6
399 462 6
400 482 1
400 739 10
404 656 6
406 496 6
406 741 8
410 542 5
412 516 8
412 732 3
413 619 9
414 512 2
415 445 10
415 682 8
419 489 6
422 722 10
426 453 4
429 501 2
432 472 3
432 800 3
433 610 2
434 459 5
435 547 4
436 555 10
437 500 8
438 498 1
439 626 6
442 513 7
442 699 10
443 464 9
446 474 6
447 597 4
448 711 10
449 527 4
449 558 5
449 644 5
451 759 7
454 515 4
454 669 9
458 683 10
461 525 3
461 704 1
463 749 1
463 808 1
464 616 1
465 611 9
467 538 9
470 612 10
470 750 5
471 791 10
473 511 8
475 476 9
475 717 6
478 604 9
479 483 10
482 614 6
483 709 2
484 488 1
487 594 9
487 606 6
490 540 7
496 776 5
497 735 4
501 505 2
501 700 2
504 625 1
507 587 4
507 618 6
507 689 6
510 539 10
510 575 6
510 762 1
510 805 10
511 591 2
513 796 2
523 560 4
523 561 6
525 763 2
536 574 9
537 541 9
542 546 5
543 724 2
547 793 6
551 661 1
551 778 3
554 631 7
554 756 8
556 672 2
560 607 10
560 688 2
561 643 6
562 582 9
571 590 6
573 662 7
575 654 5
579 773 4
585 694 8
592 675 10
593 748 2
594 663 10
602 678 6
603 628 3
607 665 2
608 690 6
612 686 9
617 798 5
626 705 2
626 807 9
633 664 4
637 667 4
643 647 6
652 693 5
653 760 4
663 718 2
664 680 2
672 757 7
676 752 6
679 806 4
681 698 2
686 743 3
692 782 3
696 714 8
712 720 5
726 767 1
730 742 5
735 799 9
737 783 6
742 790 10
746 786 8
749 775 10
751 801 9
767 769 3
