859
1 2 10
1 3 1
1 4 7
1 7 9
1 298 6
2 6 5
2 8 9
2 10 4
2 17 9
2 19 1
2 37 9
2 89 1
2 100 3
2 129 4
2 168 8
2 411 1
3 15 2
3 31 2
3 50 5
3 260 9
3 491 8
3 683 5
4 5 9
4 21 8
4 22 7
4 72 7
5 9 9
5 11 2
5 73 4
5 183 8
5 291 2
6 33 3
6 56 2
6 98 9
6 180 8
6 218 9
6 338 9
6 345 4
6 525 1
7 20 2
7 45 8
7 160 9
8 13 7
8 52 10
8 87 1
9 12 9
9 70 3
9 104 10
10 14 9
10 39 8
10 42 4
10 65 6
10 190 7
10 214 6
10 303 6
10 670 10
11 23 3
11 361 2
12 34 1
12 397 2
12 841 6
13 16 7
13 32 10
13 43 1
13 55 8
13 174 4
13 290 10
13 570 6
13 709 2
14 40 7
14 75 7
14 189 2
14 196 1
15 27 9
15 53 8
15 58 8
16 18 3
16 51 1
16 67 4
16 329 2
17 25 7
17 29 7
17 82 9
17 88 4
17 178 6
17 527 3
17 794 7
18 36 5
18 41 9
19 84 4
19 668 5
20 24 5
20 26 9
20 209 5
20 296 2
21 77 8
21 95 2
21 141 7
21 346 5
21 394 9
21 753 9
22 68 4
22 105 3
22 605 5
23 64 5
23 375 6
24 204 10
24 450 3
25 111 1
25 156 4
25 246 9
26 28 2
26 30 10
26 38 4
26 151 2
27 46 8
27 69 10
27 74 1
27 195 6
28 35 7
28 123 6
28 287 4
28 414 8
29 44 10
29 48 1
29 137 3
29 142 3
29 422 2
29 818 4
30 78 7
30 122 5
31 66 2
31 76 9
31 536 7
32 54 6
32 150 1
32 312 9
33 60 9
34 114 2
34 553 9
35 47 4
35 124 10
36 112 4
36 472 7
36 533 9
36 804 5
37 61 8
37 119 10
37 286 7
37 798 2
38 199 9
38 219 4
38 365 1
38 469 1
38 489 7
39 57 5
39 120 8
39 549 9
40 63 4
40 102 1
40 171 9
40 194 1
40 267 7
40 719 10
41 265 6
42 59 7
42 130 6
42 144 5
42 231 4
42 524 3
43 488 7
44 49 1
44 109 10
45 110 5
45 192 4
46 108 5
47 91 3
47 471 10
47 515 5
47 612 6
48 86 5
48 118 7
48 135 9
48 173 2
48 239 1
48 277 7
48 465 3
49 244 5
49 377 4
49 413 4
49 813 4
49 828 10
50 278 2
51 132 9
51 211 10
51 332 9
51 832 5
52 93 4
52 115 8
52 651 4
53 62 7
53 147 7
53 225 7
55 71 6
55 161 2
55 725 9
56 106 6
56 126 3
56 257 2
56 292 7
57 92 3
57 149 8
57 207 1
57 552 3
57 646 6
58 96 6
58 252 7
59 812 7
60 90 8
60 128 9
60 157 8
60 202 6
61 271 6
62 261 8
63 101 10
63 281 1
64 165 3
64 191 4
64 203 6
64 654 1
67 159 1
67 419 7
67 665 3
68 757 1
69 216 8
69 497 4
71 369 4
71 426 9
71 848 3
72 294 1
72 823 10
73 80 6
73 83 3
73 125 2
73 494 3
74 215 5
75 85 2
75 179 9
75 384 6
75 590 8
75 621 2
76 79 5
76 81 3
76 94 9
76 316 7
76 500 6
76 632 9
78 213 5
79 837 3
80 172 1
80 691 9
81 187 8
81 212 8
81 555 7
82 243 6
83 464 5
84 138 2
84 217 3
84 333 5
84 428 8
85 134 3
85 387 10
85 495 8
86 117 7
86 153 4
87 176 10
87 269 7
87 295 9
87 355 3
87 773 6
88 162 8
88 182 9
88 223 8
90 116 6
90 334 9
90 445 1
91 99 10
91 148 10
91 242 10
91 378 10
93 97 9
93 167 1
93 185 3
94 121 10
94 288 6
94 373 9
94 658 4
95 222 4
95 432 5
96 127 4
96 146 7
98 103 10
98 799 1
99 379 7
99 543 3
99 635 1
100 107 5
100 224 9
100 443 9
100 613 10
103 283 10
103 681 3
103 808 1
104 454 4
104 715 6
105 184 10
106 131 6
106 169 9
106 341 2
106 479 1
107 113 6
107 181 4
108 206 2
108 270 9
108 320 3
108 678 10
109 389 8
110 139 2
110 240 10
110 442 5
110 564 7
111 143 10
111 453 8
111 481 2
111 594 4
112 155 2
112 778 1
113 164 1
113 247 4
113 493 9
113 589 5
114 250 7
115 175 5
115 733 7
116 140 3
116 188 3
117 255 4
118 154 4
119 381 3
121 152 8
121 627 5
121 830 7
123 266 10
123 496 6
124 235 5
124 408 8
124 412 9
124 506 9
125 133 5
125 136 7
126 317 3
129 272 1
132 177 5
132 304 7
134 227 1
134 301 10
134 842 7
135 186 5
135 201 1
135 205 1
135 444 2
135 633 6
135 750 4
136 145 8
136 253 7
137 226 4
137 656 8
138 770 1
139 249 9
139 451 4
139 507 7
139 550 7
139 556 5
141 438 4
141 724 3
142 306 1
142 521 1
143 395 8
144 163 2
144 435 1
144 586 8
144 726 6
144 777 4
145 502 4
145 603 2
145 609 6
145 801 6
146 228 6
147 236 5
148 282 9
148 460 9
148 652 10
149 256 9
149 357 8
151 166 3
152 193 8
152 707 3
152 826 10
153 850 1
154 559 1
155 158 3
156 232 9
156 545 5
156 666 4
157 258 4
158 241 1
158 348 5
158 478 5
159 752 8
160 297 9
160 330 9
160 439 9
162 371 9
163 230 5
163 245 1
163 403 5
163 626 9
165 197 4
165 511 5
166 745 2
167 220 10
167 233 8
168 170 9
169 405 7
169 557 1
170 322 8
170 323 6
170 335 1
170 485 10
171 221 7
171 259 2
172 229 1
172 400 1
172 480 5
173 314 5
173 359 3
173 766 3
174 310 1
174 315 4
174 505 8
175 200 6
175 558 10
176 595 7
177 307 3
177 318 1
177 407 3
177 567 4
177 624 3
178 402 9
178 860 7
179 358 9
180 325 10
180 386 10
181 484 9
182 614 2
183 404 6
185 198 2
185 372 2
186 279 5
186 731 4
187 367 6
188 248 8
188 710 1
189 370 1
190 210 10
190 572 8
190 587 6
192 274 3
194 273 6
194 477 9
195 208 6
197 289 2
200 401 7
200 457 2
200 531 6
200 561 8
200 765 10
204 596 4
204 625 4
205 251 9
206 234 8
207 237 4
208 351 6
208 492 6
208 686 9
209 792 10
210 459 4
210 537 4
211 254 10
213 311 4
213 544 6
214 692 8
215 305 7
215 787 8
218 280 1
218 324 9
218 473 10
218 685 6
218 727 6
219 475 10
220 238 10
220 264 1
220 363 10
220 440 8
220 781 2
224 662 1
225 262 10
225 263 9
225 326 7
225 580 2
225 650 2
226 619 10
228 336 6
229 591 2
229 592 6
229 671 10
229 791 7
230 268 5
230 364 6
231 785 3
234 569 8
238 302 8
239 637 8
240 420 3
240 513 9
241 331 6
243 347 8
243 641 8
245 284 8
245 383 8
245 855 5
247 309 3
247 636 10
248 275 8
250 328 6
251 739 9
253 276 3
253 645 4
254 319 7
255 308 5
255 542 2
255 847 4
257 452 3
258 565 8
259 327 8
261 687 5
263 343 1
263 385 7
263 398 6
263 675 9
264 390 7
265 509 6
265 519 5
267 285 9
268 742 7
269 449 3
270 339 1
270 825 2
271 441 6
272 748 7
273 421 7
275 356 4
275 382 2
275 446 2
277 388 3
277 417 6
278 427 7
278 490 4
279 293 3
280 349 5
281 354 8
282 321 6
282 366 9
282 462 10
282 800 6
283 664 8
284 374 6
284 597 1
285 610 7
287 526 9
290 353 9
290 548 7
290 618 1
291 410 7
292 425 10
292 447 7
292 706 7
293 362 10
293 467 1
295 853 7
296 566 6
296 851 5
297 340 8
297 573 6
298 299 7
299 300 7
299 430 10
299 448 10
299 677 9
300 833 2
303 690 10
304 530 9
304 541 5
305 313 10
305 416 1
306 392 2
306 540 3
306 574 1
307 803 8
308 470 7
308 639 9
313 344 7
313 585 9
314 455 10
314 648 2
316 562 9
316 571 9
317 520 1
318 391 7
318 503 1
318 859 3
319 350 6
319 644 9
319 797 2
320 360 9
320 529 8
320 638 2
321 588 1
322 601 7
323 517 2
324 579 4
329 486 10
331 716 1
333 342 7
333 767 8
334 337 6
335 554 3
336 806 10
339 694 2
341 368 2
341 436 1
342 380 9
342 393 1
343 667 3
344 634 9
345 682 1
345 783 9
345 817 3
347 424 2
347 434 1
347 499 10
350 406 5
350 409 10
350 512 3
351 352 3
352 483 4
354 761 7
356 676 9
357 461 4
357 518 5
357 607 8
359 700 10
364 672 5
365 504 5
365 532 9
367 718 5
368 606 6
368 755 6
371 376 9
371 429 10
371 769 7
372 456 8
372 501 6
374 547 1
375 418 6
375 551 2
375 735 7
377 712 2
377 840 8
379 399 4
379 821 3
382 423 3
383 433 9
383 466 10
383 640 9
387 657 3
388 431 1
389 535 10
389 584 3
389 649 8
389 723 9
391 539 10
392 704 8
395 396 3
395 622 2
395 789 3
397 583 4
401 758 3
403 415 8
403 647 6
406 476 4
406 811 8
407 764 4
408 776 1
410 437 4
412 546 6
413 839 6
414 611 5
415 468 4
416 661 6
418 836 2
419 857 3
421 522 6
421 674 9
422 463 2
422 508 8
422 684 6
427 582 8
428 458 8
429 819 9
433 617 9
433 807 1
433 849 10
436 643 5
437 793 4
438 576 6
441 751 1
442 598 2
442 659 10
446 528 8
446 721 5
448 743 2
450 510 3
451 516 2
451 805 9
451 824 8
456 673 2
457 474 8
457 642 2
457 663 5
459 600 7
460 575 8
461 498 9
466 560 7
469 563 5
473 482 1
473 578 7
475 514 9
475 538 4
475 703 1
481 695 1
482 602 7
482 615 3
482 844 8
484 487 4
485 741 7
487 771 2
490 843 5
491 772 6
492 523 1
492 568 8
492 809 3
493 608 3
494 631 1
494 705 6
495 740 7
495 845 6
499 834 10
501 722 10
507 775 8
508 593 3
511 620 10
511 669 3
512 577 10
512 717 8
516 831 1
521 534 1
525 698 3
530 738 6
533 702 4
534 599 10
536 701 8
538 697 7
538 795 10
539 747 7
539 822 8
540 604 3
540 693 1
544 679 4
550 762 2
551 852 6
562 786 4
564 629 6
565 838 5
566 581 9
567 754 8
570 616 7
574 784 7
575 730 4
576 856 1
583 796 1
587 763 9
589 713 9
593 790 7
596 653 4
596 729 2
597 630 2
599 688 6
601 736 6
605 623 2
607 780 9
609 732 3
615 628 7
617 756 8
618 696 10
618 720 6
621 779 7
627 760 6
633 714 10
640 680 10
640 759 3
642 655 6
651 711 4
659 660 2
661 689 5
662 699 7
666 734 3
671 774 1
672 782 6
673 737 4
687 768 6
692 816 1
693 802 6
701 749 7
702 708 9
702 827 8
721 728 1
725 788 10
737 744 10
739 746 4
755 846 4
755 858 3
758 810 2
768 814 8
771 854 2
777 820 8
786 835 2
803 815 2
821 829 3
