909
1 2 6
1 3 7
1 4 1
1 12 1
1 32 3
1 36 4
1 50 1
2 51 3
2 69 4
3 5 3
3 10 3
3 58 1
3 75 9
3 101 9
3 514 2
4 6 6
4 8 4
4 9 8
4 18 8
4 19 6
4 38 3
4 47 8
4 80 1
4 93 2
4 238 2
4 332 2
5 17 10
5 46 7
5 63 2
5 159 10
5 237 2
6 7 4
6 11 6
6 25 7
6 77 1
6 731 7
7 29 5
7 30 7
7 65 9
7 76 4
7 89 10
7 137 1
7 291 8
7 360 3
7 639 1
7 783 2
8 13 8
8 14 3
8 23 6
8 27 4
8 187 5
9 20 2
9 31 4
9 34 4
9 60 10
9 62 9
9 460 10
10 16 2
11 631 3
12 15 2
12 252 1
12 550 6
12 901 7
13 33 2
13 142 10
13 167 4
14 95 7
14 150 9
14 190 6
15 21 3
15 128 8
16 22 8
16 28 1
16 40 8
16 100 9
16 356 4
16 414 5
18 59 9
18 66 6
18 79 6
19 99 1
19 320 3
20 141 2
20 172 7
20 457 5
21 43 5
21 232 5
21 329 5
21 453 9
22 85 9
22 230 9
22 233 3
22 308 1
22 331 5
22 674 6
22 695 10
23 24 9
23 52 2
23 72 4
23 599 8
24 26 6
24 41 4
24 42 9
24 139 4
24 425 7
24 623 5
25 161 5
26 54 6
26 81 7
27 44 1
27 73 7
27 293 3
27 333 8
27 614 6
28 94 6
28 649 8
28 872 3
29 49 1
29 74 2
29 124 1
29 703 8
30 398 5
31 35 7
31 37 2
31 497 8
32 39 6
32 53 1
33 84 7
33 91 9
33 164 7
33 835 6
34 45 10
34 56 8
34 68 5
34 196 4
34 408 10
35 114 7
35 118 6
35 286 3
36 107 4
36 251 10
37 83 5
37 136 8
37 847 3
38 48 4
38 90 7
38 354 8
39 121 10
39 144 9
39 343 9
40 147 9
40 158 8
40 207 10
40 569 10
41 103 5
41 127 7
41 451 5
41 863 1
42 135 2
42 456 5
42 610 5
43 86 1
43 418 2
43 493 1
44 201 2
44 299 3
44 587 5
45 55 9
45 92 1
46 64 3
46 108 10
47 134 8
47 740 5
48 165 5
50 315 2
50 633 6
50 789 6
51 87 6
51 307 9
51 338 8
51 407 10
52 281 8
53 82 7
53 129 8
53 426 4
53 549 10
54 71 5
54 276 2
54 443 1
55 113 4
55 678 1
56 57 8
56 67 1
56 186 4
56 248 10
56 275 3
57 70 4
57 112 5
57 359 7
57 773 1
58 96 9
58 185 6
58 395 9
59 105 4
59 423 1
59 432 10
59 619 4
60 61 3
60 104 3
60 257 9
60 302 2
60 370 1
61 314 6
61 532 8
62 97 8
62 168 9
62 242 8
64 78 6
64 111 9
64 123 2
64 629 10
64 770 6
65 116 3
65 613 6
66 166 2
66 195 4
66 217 5
66 265 7
66 403 8
67 430 2
67 522 4
67 782 5
68 102 10
68 131 9
68 138 10
68 153 4
68 210 3
68 273 6
69 122 5
69 218 1
69 344 2
70 180 5
70 563 9
71 160 1
71 485 1
71 657 10
72 126 8
72 322 10
72 705 4
73 504 8
73 906 10
74 290 2
74 438 8
75 256 6
76 106 9
76 148 10
76 428 5
76 652 2
76 665 3
77 268 1
77 586 3
78 304 6
78 420 7
79 178 3
79 422 8
79 668 1
80 435 7
81 335 2
82 533 1
82 575 5
82 627 7
83 120 1
83 132 10
84 170 1
85 88 4
85 209 10
85 574 5
85 861 4
86 179 1
86 231 9
86 245 9
86 279 4
86 317 1
87 380 10
87 669 2
88 176 4
88 455 1
89 397 3
90 151 1
91 133 7
91 303 8
91 316 3
91 446 3
91 501 4
93 236 3
93 319 7
93 604 3
94 98 9
94 169 7
94 182 8
94 368 2
95 163 6
95 189 1
95 363 7
96 624 6
97 110 2
97 115 2
97 154 7
97 188 5
98 155 2
98 377 7
99 200 3
100 285 9
101 181 7
101 211 8
101 346 4
102 117 5
102 173 7
102 199 4
102 253 3
104 109 7
104 119 7
105 447 7
106 824 2
108 898 7
110 194 2
110 366 2
110 591 7
110 752 9
111 350 2
111 371 1
111 722 7
112 513 8
112 638 8
113 442 4
113 806 3
114 125 7
114 146 7
114 876 8
116 204 2
116 214 7
116 325 8
116 376 8
116 738 8
116 825 3
117 208 1
117 511 2
117 571 2
118 270 10
118 490 6
118 765 9
119 140 3
119 157 9
119 429 8
119 477 2
120 388 3
121 130 3
121 206 3
122 526 9
123 149 10
123 193 1
124 175 10
124 355 3
124 396 3
124 519 9
125 464 4
126 219 6
126 312 9
126 509 3
126 744 6
127 234 9
127 297 9
128 223 4
128 552 6
128 791 7
129 221 10
129 278 7
129 500 9
130 441 3
130 626 8
130 698 9
131 588 6
131 712 2
131 793 1
132 644 9
133 263 6
133 865 3
134 191 3
134 198 5
134 458 3
135 267 6
135 369 2
135 878 10
136 539 8
137 216 9
137 277 1
137 465 9
137 494 6
138 205 8
138 243 6
139 379 8
140 156 1
140 228 5
140 298 10
140 330 9
140 821 5
141 240 2
141 681 2
141 875 10
142 143 7
142 145 1
143 229 9
143 568 10
143 596 3
143 798 7
145 672 8
146 152 4
146 162 9
146 283 6
146 287 6
147 450 9
147 800 10
148 262 6
148 280 2
149 741 1
151 246 7
152 274 7
153 383 4
153 481 3
153 684 4
154 260 7
154 417 5
154 546 5
155 202 8
157 239 7
157 459 2
158 174 2
158 385 5
158 653 7
158 656 6
159 269 8
159 786 8
160 259 4
160 469 10
160 499 2
160 609 9
161 177 2
161 433 3
161 516 6
162 405 7
162 664 4
163 184 1
163 235 7
163 410 3
164 203 6
164 266 3
164 406 3
165 171 6
165 197 7
165 818 4
166 328 6
167 475 7
170 258 10
170 324 6
171 625 10
172 289 5
172 585 2
172 826 4
173 192 10
173 224 8
173 227 7
176 183 6
176 384 9
177 222 10
177 225 1
177 479 3
179 292 4
180 295 3
180 434 7
181 254 4
182 496 4
182 562 10
182 608 9
183 548 9
184 305 3
186 250 4
186 375 7
187 357 1
187 811 1
188 220 5
188 756 9
190 413 3
190 858 9
191 241 5
191 419 10
192 249 3
192 557 9
192 743 9
193 688 2
194 334 8
194 701 7
195 215 4
195 288 7
195 461 7
195 630 7
196 364 1
197 213 2
197 470 7
198 358 9
198 544 5
198 727 10
199 401 1
199 559 2
199 600 5
200 345 8
201 313 4
203 814 10
204 365 1
204 483 8
205 382 7
205 482 7
207 671 5
208 212 3
208 342 1
208 463 8
209 226 8
209 326 6
209 452 5
210 484 9
210 524 7
210 583 5
212 502 7
213 255 7
214 337 1
215 261 10
215 527 6
217 570 1
217 654 6
218 436 4
219 321 3
221 311 4
222 374 8
223 468 4
227 310 3
227 815 5
228 272 2
228 391 8
230 361 7
230 521 8
230 579 3
231 323 3
231 387 1
231 393 3
233 601 1
233 854 8
234 347 9
234 462 6
235 294 4
235 602 9
235 611 1
235 834 6
236 421 7
236 515 7
236 555 1
236 655 7
237 247 9
238 244 10
239 486 4
239 584 1
239 860 3
240 296 3
240 540 8
241 411 6
241 473 7
243 833 1
246 309 10
246 505 1
246 536 4
247 541 6
248 440 3
249 718 8
250 476 1
251 264 10
252 282 3
252 746 7
252 893 3
253 427 5
253 640 5
253 694 1
255 336 8
255 632 8
257 390 1
257 512 4
259 301 4
259 341 6
260 271 6
260 768 4
261 881 7
262 284 5
264 318 5
264 373 1
265 327 7
265 679 4
267 467 10
267 518 5
268 372 8
269 784 1
270 351 10
270 416 6
270 534 10
270 660 2
271 348 10
272 489 10
273 437 6
273 699 10
274 349 10
274 663 10
276 538 2
276 595 8
277 353 1
277 622 3
278 710 8
279 474 8
281 402 7
281 636 10
282 306 2
283 884 6
284 651 7
284 686 10
286 545 10
288 300 9
289 381 5
289 445 7
290 606 6
292 498 3
293 535 10
294 394 2
294 448 9
294 787 4
295 582 3
295 682 9
299 412 9
300 386 2
300 880 4
301 581 8
302 352 4
304 828 8
305 702 2
306 471 7
306 576 9
306 696 3
307 367 3
307 612 5
308 400 8
311 856 1
313 466 10
314 378 4
314 723 7
315 647 10
317 523 10
318 444 5
318 641 6
318 642 5
320 777 4
321 714 6
324 399 7
324 598 2
324 717 1
324 750 6
327 339 4
327 590 3
329 616 1
332 340 10
332 617 10
333 735 1
334 726 1
335 392 4
336 566 9
336 781 4
336 894 6
339 572 10
339 751 4
340 890 6
342 480 3
345 732 3
346 488 7
347 389 6
347 838 3
348 551 6
349 841 8
352 763 4
354 510 7
354 542 3
355 508 1
355 725 6
356 547 9
360 362 3
360 543 1
360 842 1
362 662 8
364 843 2
364 857 7
365 859 3
366 817 8
367 839 6
368 492 4
369 558 1
369 823 6
372 577 7
373 554 1
375 580 9
375 693 6
378 706 3
378 808 9
381 819 4
382 812 2
387 573 4
387 799 4
388 757 2
389 503 7
389 561 7
392 404 7
392 779 4
392 794 8
392 897 7
394 506 6
396 829 9
399 755 1
399 760 8
400 449 5
402 415 1
402 560 8
402 676 1
403 439 10
403 487 9
404 645 1
405 409 2
405 431 4
407 683 2
409 733 4
410 797 2
410 877 2
410 879 7
413 648 6
414 529 9
415 531 9
416 813 7
418 832 8
420 628 7
420 711 2
421 869 8
422 424 4
423 565 1
425 528 4
428 520 4
430 637 6
440 454 8
440 491 6
440 567 1
442 659 10
443 537 6
444 809 8
450 478 9
454 517 10
454 689 7
456 472 6
456 709 1
456 883 10
458 675 9
459 749 7
460 589 2
464 836 10
464 888 5
465 805 7
466 767 10
468 766 2
469 495 5
469 776 10
471 737 2
472 670 2
477 885 5
478 530 6
481 603 5
482 769 6
484 661 10
490 697 4
491 525 6
492 761 3
493 747 2
495 507 2
495 801 1
496 764 7
499 556 1
499 785 10
502 822 9
511 753 3
511 754 2
515 553 6
515 593 4
517 578 4
521 790 10
522 667 5
524 564 7
526 850 8
528 685 1
529 691 6
529 820 4
531 795 1
532 680 9
532 905 2
539 837 8
542 734 10
543 615 3
543 739 9
547 618 2
550 635 2
551 658 6
552 728 5
553 719 4
553 804 1
556 831 4
556 845 5
557 646 10
557 666 5
558 758 2
558 778 7
559 748 1
560 762 10
560 803 6
562 868 10
565 874 8
570 687 2
571 704 2
572 607 6
572 772 9
573 910 9
575 708 5
575 792 10
578 594 1
581 605 2
584 621 8
584 650 4
585 597 4
586 592 5
588 620 7
589 716 4
593 713 9
597 862 7
599 796 10
601 775 1
603 729 9
604 634 8
606 736 5
609 848 9
610 643 6
610 771 5
611 907 8
613 870 4
616 692 1
621 673 4
629 852 1
631 896 8
640 802 4
640 882 3
642 730 9
643 891 6
644 873 7
645 853 1
647 690 7
652 724 9
653 721 10
659 844 4
662 677 9
666 909 6
668 700 10
669 904 1
672 902 7
674 742 1
674 780 5
677 715 7
679 899 6
681 745 9
683 707 3
698 720 1
698 816 7
705 830 3
712 807 10
729 866 8
737 908 10
739 855 5
748 900 8
751 840 4
757 788 6
757 851 4
757 887 2
757 889 1
758 759 5
761 827 2
773 774 6
779 871 3
797 810 1
797 864 1
806 849 6
812 903 4
813 846 7
817 886 3
824 867 4
866 892 10
894 895 8
